0	1,2,3,4,5,6,7,8,9,10,11,12,13,14,15,16,17,18,19,20,21,22,23,24,25,26,27,28,29,30,31,32,33,34,35,36,37,38,39,40,41,42,43,44,45,46,47,48,49,50,51,52,53,54,55,56,57,58,59,60,61,62,63,64,65,66,67,68,69,70,71,72,73,74,75,76,77,78,79,80,81,82,83,84,85,86,87,88,89,90,91,92,93,94
1	0,5,20,135,2409,8715,8932,10623,12347,12846,13840,13845,14005,20075,21556,22939,23520,28193,29724,29791,29826,30691,31232,31435,32317,32489,34394,35589,35605,35606,35613,35633,35648,35678,38737,43447,44846,44887,49226,49985,623,629,4999,6156,13912,14248,15190,17636,19217,20074,27536,29481,29726,29767,30257,33060,34250,34280,34392,34406,34418,34420,34439,34450,34651,45054,49592
2	0,117,135,1220,2755,12453,24539,24714,41456,45046,49927,6893,13795,16659,32828,41878
3	0,12,41,55,1532,12636,13185,27552,38737
4	0,8,14,15,18,27,72,80,15326,19068,19079,24596,42697,46126,74,77,33269,38792,38822
5	0,1,20,2022,22939,23527,30257,32503,35633,41457,43262,44846,49574,31140,32828
6	0,21,98,2203,3238,5040,8795,9843,9847,15294,17874,18286,18311,18320,20553,35699,35776,38736,38750,38800,543,575,11879,12682,14943,15283,18332,18560,18625,25247,33080,34412,35785,35822,42231
7	0,31993,40218,40433,1357,21843
8	0,4,38,46,72,85,24777,83,33380
9	0,6085,18972,19269
10	0,12,16,30,6027,13793,23557,29581,35477,35617,44310
11	0,1754,6027,7789,11142,12633,17898,19049,22486,26970,27554,27585,27591,27679,29576,32631,34906,41444
12	0,3,10,16,29,38,41,55,1085,1532,7714,27679,29379,35195,38737,43121,30,83,85,89,13285,27655
13	0,12584,32064,27,37,111,129,274,1383,1600,2141,7284,9172,13207,16519,18122,19051,23525,25177,30071,32045,33439,35589,39022,44412,44575,47887
14	0,4,19,19079,42697,444,42748
15	0,4,27,80
16	0,10,12,18,30,38,89,12570,19044,29319,35477,53,83,9745,15520,19010,30062,31337
17	0,19,26,28,95,128,134,150,6157,7284,12570,20016,20533,20599,42704,49678,53,29872,31337,31347,44505
18	0,4,16,30,89,2406,2411,12562
19	0,14,17,439,1100,1694,1705,2413,2644,2646,2659,2678,3734,3926,7463,9892,10240,13076,18163,19388,20290,23202,23512,25195,25239,25256,26887,27736,27808,29260,35585,44824,47445,49678,50,543,623,627,1001,1234,1343,2019,2062,2142,2324,2648,3131,3298,3573,3574,3748,3895,3931,4990,4993,5170,5487,5490,5588,5685,6995,7718,8703,8706,8768,9289,9735,10175,11399,11416,12313,12680,13661,13829,13849,13951,14070,14160,14182,15186,15356,16027,17235,17438,18075,18147,18148,18338,18977,19358,19427,19430,19983,20070,20283,20557,21822,21873,22357,22520
20	0,1,5,12846,22939,28193,29724,29791,30691,31232,34394,35589,44887,49574
21	0,6,52,91,2426,17025,17032,17033,20379,38841,63,2432,4717,24733,33760
22	0,29,9436,30156,43400
23	0
24	0,28,38,38774,53,83,85,23061,46644
25	0
26	0,17,18071,19051,242
27	0,4,15,13
28	0,17,24,38,34211,53,83,85,89,13081,23061,26402,31347,42972,44373
29	0,12,22,38,12647,18556,30156,48041
30	0,10,16,18,12,83,15520
31	0,573,1495,1841,5040,6169,18591,19565,26948,29688,29689,29693,29694,29697,29700,29707,29714,30940,34892,34905,41684,49247,26358,29711,34235
32	0,90,92,2188,2246,12561,18591,19130,22649,27383,27888,34875,40158,40688,44005,10821,15314,22355,23362,28775,34586,34904,40610,40830,40866
33	0,1841,15317,16514,33540
34	0,19083,29251,32317,38192
35	0
36	0,39,43,956,7323,8804,13117,17915,27383,38782,41432,42001
37	0,13,2572,2914,7327,9983,17199,17203,43279
38	0,8,12,16,24,28,29,46,89,6169,29521,34211
39	0,36,4389,8737,8859,10790,13344,16163,16165,18843,24731,34957,38300,39500,49247
40	0,43,16514
41	0,3,12,1532,38737,12636
42	0,38192
43	0,36,40,15234,23717,23756,23762,23768,23780,23785,23792,23807,23830
44	0,9156,32042,32300
45	0,1388,9796,24851,33447,38813,42150,42695
46	0,8,38
135	1,2,95,112,117,3233,11165,13801,13832,13845,18163,19032,19091,19095,19114,19992,23597,24568,41087,41440,42704,43149
2409	1,351,672,824,926,947,1061,1120,1348,1350,1351,1352,1356,1357,1381,1393,1441,1648,1864,2041,2406,2456,2518,2547,2752,2762,2770,2849,3590,3620,4439,4454,4583,4729,4994,5269,5534,5536,5641,5708,6451,6456,6487,6496,6553,6555,6678,6892,6960,6975,6995,7001,7064,7184,7359,7471,7713,7720,8273,8457,8685,9129,9182,9801,9820,9858,10099,10208,10292,10406,10653,10663,10813,11079,11081,11084,11095,11737,12093,12127,12314,12351,12582,12635,12697,12714,12883,12885,13821,13979,15490,15514,15817,16203,16347,17021,17127,17551,17634,17636
8715	1,339,351,1359,1394,1913,1943,2207,3307,4124,4484,4521,5641,6893,7521,8504,8667,9281,9370,9384,9850,11387,13896,14075,15495,16922,17135,17647,17894,19427,22951,23510,23608,23725,24556,27473,30214,30358,32370,32505,32631,33041,33204,33554,33569,33576,34188,34204,34223,34227,34229,34250,34263,34304,34348,34407,34463,34464,34471,34472,34476,34522,34530,34586,34612,34631,34634,34683,34701,34703,34727,34762,35444,35459,35466,35775,36384,38725,39077,39485,40213,40245,40958,41115,41397,41470,41847,43136,43897,45162,45743,48226,49574,49869
8932	1,351,629,1359,1782,1943,2107,3230,4521,6783,7850,8136,8930,19388,19909,23510,23692,24106,27473,30325,31231,31396,32494,33383,33554,34174,34229,34250,34280,34290,34407,34413,34472,34530,34683,34703,43897,43903,49869,9281,9291,9850,11387,11393,11399,11402,11411,13182,14014,14047,14075,16027,17647,18338,19427,19431,22357,22756,23507,23608,23725,29767,29827,30214,33378,34157,34159,34164,34183,34189,34207,34223,34227,34257,34263,34297,34299,34304,34305,34320,34335,34387,34390,34392,34402,34405,34415,34420,34432,34466,34475,34476,34485,34488,34522,34537,34543,34566,34573,34586
10623	1,2249,4376,5745,6646,9943,10605,11721,11772,12468,12990,14454,16838,17284,19137,19533,23478,23804,27019,29399,30214,36354,38486,40185,40709,40830,40898,41106,41702,41990,45418,48444
12347	1,2324,2659,2680,2704,3250,4841,5026,5524,9174,12342,16959,29783,34009,35622,49898,49911,49974,17881,25166,25199,28845,29504,29753,29808,43175,43186,43189,43285,43287,43602,49848
12846	1,20,161,6622,7489,9659,9975,10801,10814,11192,12706,12837,12844,12852,13097,14318,17349,20513,22707,22846,29868,30782,33362,38705,44887,45423,22075
13840	1,1230,6026,9284,13792,13893,20567,22939,29481,31183,31997,34202,34290,35444,45060,45132,47425,19352,21856,21964,30641,34147,34178,34237,34266,34332,34417,34449,34560,34586,34595,45616
13845	1,135,13792,18861,19920,20299,23512,35613,35661
14005	1,106,629,2105,2795,3298,3575,4210,5490,7713,8682,9163,9284,9472,9773,11377,11383,11387,11389,11393,11402,12330,13076,13182,13819,13889,14060,14066,15279,15314,19430,19432,20070,21243,22756,23525,23595,23599,23615,23684,23690,24963,25140,27564,27609,29720,29745,32534,32539,33060,34154,34159,34168,34200,34201,34212,34218,34245,34250,34272,34277,34280,34288,34292,34297,34299,34321,34326,34329,34332,34375,34392,34397,34406,34413,34419,34430,34471,34476,34486,34511,34514,34521,34526,34529,34530,34531,34534,34536,34557,34568,34595,34618,34628,34637,34642,34687,34690,34694,34696
20075	1,9194,15356,16894,17740,19996,20074,19550,21556,23550,25199,25228,32717,32968,34185,34365,35606,35613,35616,35621,35678,35692,42051,44305,35630,35633,35831
21556	1,956,1031,1688,1863,2496,2659,2684,2689,3734,9696,9998,15175,15356,16876,19920,20075,21553,21562,25184,25188,25225,25228,25234,29464,29514,35621,35630,39033,41012,49546,23690,24426,27549,27553,27679,32210,32968,35606,35613,35633,35678,35685,42278,43447,49985
22939	1,5,20,1404,4389,9891,12449,13840,13996,16899,8686,25064,25184,30257,32310,33566,33621,34010,43384,48538,23685,33631
23520	1,8816,10759,10842,11399,13801,13877,14060,14191,14247,17633,18645,19063,19138,19535,19664,21139,23507,23509,23517,1110,3734,10027,14064,14130,23523,23568,24714,29546,32210,32532,32968,33750,34251,34277,34538,35549,35565,35570,35614,35617,35621,35633,38011,41433,42054,43210,45887,49942,23650,24615,27536,29720,30235,33374,34152,34365,34389,34399,45180,49593
28193	1,20,134,12706,14246,16456,17046,26025,26110,28189,2697,17048,33595,43262
29724	1,20,4817,15356,16892,16896,16942,17021,18578,19920,29260,29719,18147,29749,29750,29760,33466,41499,43435,44260,44276,44846,29728,32618,40306,44256,44286
29791	1,20,11402
29826	1
30691	1,20,52,1357,1885,2786,2802,3094,6026,6215,9804,11377,13246,13995,19217,19356,21205,22935,23173,24788,24819,25191,25952,27312,28728,29827,34886,40431,41184,43140,33866,34466,36403,39012,43594,44431
31232	1,20,120,161,166,442,1602,1923,1968,3481,6186,6200,6214,7522,11707,15246,18065,18276,18980,26872,27479,29767,29817,30257,15750,31223,31236,31264,33051,39785,43148,43162,44669,44887,49985,34272,34536,34606,35585,41807,42075,43210,43401,43406,43425,43592,49751
31435	1,7476,8725,13793,13811,13832,13993,13998,14002,14027,14039,14128,14138,14150,14152,14167,14182,14191,14195,14203,14205,14207,14209,14231,14234,14237,14244,17441,18321,23659,23660,23679,23682,24522,24761,13805,13831,13841,13886,13889,13898,13899,13902,13921,13960,13981,13983,14064,14078,14130,14188,14213,14219,14227,14230,17747,23592,23661,25208,29896,32824,34352,34356,34360,34979,35582,35758,35823,44891,45131,46642
32317	1,34,452,1020,4454,7516,7766,9718,9803,11093,11107,14204,14455,17634,17941,19093,22611,22934,23577,23648,27551,27595,27597,31146,32030,32188,32298,27653,28642,32364,32489,32532,32586,33194,33443,34229,35685,32535,32561,33196,33271,33439,33529,33764,33785,33797,34458,34930,35192,35450,35568,35635,35751,35759,35825,36384,38137,38776,39046,40484,41407,41828,49469,49581
32489	1,18553,23648,32188,32317,32488,32510,32534,32547,33758,33777,33779,41407,42050,33785,34930,44899,48226
34394	1,20,1052,9779,13896,13930,13967,14095,14125,14157,14174,14179,14203,14205,14207,14218,14227,14232,14244,17880,18281,19451,23512,23519,23551,23553,23564,23611,23617,23633,23649,23659,23669,23672,32476,32477,32485,32502,32513,34385,13805,13827,13882,13901,13937,14128,14134,14159,14209,19437,23592,34319,34915,34978,35591,35601,41423,41457,41631,43914,45161,49710,49736
35589	1,20,2165,2558,13661,19966,23512,27738,32379,34149,34913,34960,13,128,38737,39030,41523,42070
35605	1,2657,5178,9194,9869,13661,13837,14181,15175,15356,16871,16918,17977,19920,21841,23568,25138,25199,25213,25228,28868,29750,32071,32968,34185,34227,34348,35562,35570,35613,35621,35630,35678,35692,41553,43447,35606,35633,35829,36765,38128,39033,41670,42054,42057,43186,43210,49917
35606	1,7755,7783,9194,13661,14740,15356,20075,25196,25205,29792,34337,1667,15175,21556,35605,35613,35621,36785,38625,43215,43377,43447,46234,49226,49734
35613	1,234,971,1137,1230,1814,2657,2659,3789,7192,7521,8685,8721,9912,10027,12156,13845,13870,14070,14181,15175,15356,15358,15710,16862,16959,17636,18276,18924,18994,19919,20075,20205,20245,21804,22925,22983,23305,23517,23563,23690,24147,24426,25138,25196,25213,25222,25224,25228,25263,27549,27609,29497,29758,30235,32171,32717,33005,33051,33072,33207,34187,34453,35560,35603,35605,35606,4401,16894,19443,21556,32631,35621,35622,35633,35661,35678,38737,40812,41000,41438,41514,42051,43140,43393,43425,43432,45129,45195,46261,49192,49226,35630,36467,37664,38014,40383,40827,41435,41680
35633	1,5,184,1084,2641,2657,3450,7812,8675,9194,9715,15175,15401,16862,16868,16878,16896,16899,16901,17740,19920,23520,23550,24682,25177,25199,25228,27550,27615,29750,29751,30235,32491,32499,32968,33207,34185,34365,34406,34418,34460,34469,34511,35562,35570,35613,35630,1031,16894,19935,20075,21556,27603,27653,32725,33466,34009,35605,35621,35678,35685,35692,40204,40949,41433,41553,42051,42054,42061,43186,43377,43435,44804,45129,49226,49550
35648	1,7296,13147,24851,42150
35678	1,97,1031,1234,3301,3734,4525,7521,8685,9194,10035,11699,12050,12351,13870,14065,14112,14181,14581,15175,15314,15356,16862,16865,18276,18585,18924,18994,19919,20003,20075,20205,20245,21804,23517,23586,23690,24426,24475,25222,25228,25257,27549,27609,27847,28898,29438,29844,29873,32717,32968,33005,33051,34156,34165,34173,34187,34460,34485,34734,35439,35605,35613,35614,35621,35630,35633,35661,13808,16891,16894,19443,21556,23550,23604,27736,35706,40243,42051,43388,43432,43543,45129,45179,48207,49192,49226,49917,35746,35793,36840,37664,38759,40739,41435,41438,41553,43200,43304,43593
38737	1,3,12,41,82,961,1353,2141,2276,2561,2565,3565,5475,5933,8136,9777,9780,9796,9803,9998,10498,11417,12584,12624,12637,12650,13812,14271,15175,15302,16166,18284,18614,19106,20219,20500,21429,23547,23586,23604,24906,25186,25195,25200,25210,25215,25246,27536,27549,27553,27571,27577,27584,27585,27586,27590,27597,27620,27641,27667,27679,28724,29331,32042,32627,33378,33451,33591,33632,34378,34407,34413,35179,35546,35589,35613,35654,35688,35698,35773,38734,2915,12627,13818,27617,38744,38750,38781,38795,38824,38825,40204,41848,44892,47441,43407,43593,49985
43447	1,129,2641,2659,5231,7516,8670,8722,9194,13870,15356,16862,16874,16880,16894,16899,16905,17740,18583,20074,23550,25166,25199,25228,25253,27549,35585,35605,35606,35630,35692,39095,43200,43435,2036,8565,16886,16923,16924,21556,29438,42051
44846	1,5,3376,3377,5532,6900,7744,11261,12669,16894,16922,18289,20562,29724,32028,40831,41407,43265,44815,1667,19474,44887,49233,44858
44887	1,20,161,166,10301,12846,14209,17478,23447,23465,26215,26765,29775,29868,31232,32508,35449,43145,43162,43210,44815,44846,44858,45076
49226	1,1031,1084,3205,3231,6536,7192,11571,13866,14181,15314,18925,19012,19437,23202,23523,23568,25178,25199,25222,25224,25234,25239,25532,27536,29727,29799,29896,30325,32636,32717,34164,34178,34191,34471,34539,34601,35207,35570,35606,35613,35621,35630,35633,35661,35678,35692,35701,35719,35793,35827,37643,40949,41418,41553,41680,41810,42054,43186,43282,43432,44305,44589,45195,45868,46540,46797,47566,49187
49985	1,1034,1923,7522,9850,12611,13722,13796,17106,18998,19138,23512,23690,25228,27536,27555,29737,31232,32502,34353,34406,34517,34568,35562,35621,35630,35659,41433,41943,42003,43384,44854,49546,49707,49917,2407,2640,14112,16881,17290,21556,25171,26440,29431,29723,30313,33072,34160,35565,35687,38570,38737,41423,41442,41534
117	2,95,112,130,135,3233,11165,13801,13832,14027,19032,19063,19091,19114,19992,20458,22312,23519,23597,24568,24611,41087,41440,42704,43149,45161,13792,14165,34218,34226,34299,34464,35834
1220	2,168,366,367,371,394,529,660,918,1085,1088,1113,1156,1615,1657,1694,1807,1939,1977,1986,2139,2411,2430,2626,2656,2686,2905,3879,3926,3931,3938,3960,4049,4074,4166,4173,4222,4782,4875,5114,5153,5158,5165,5197,6038,6103,6212,6338,6634,6671,6893,6996,7269,7272,7299,7769,7783,7786,8069,8334,8446,8492,8592,8685,8815,8999,9154,9448,9542,9892,10023,10058,10862,10924,10986,11551,12422,12447,12465,12536,12689,12714,12749,12766,12973,13810,13837,13847,14018,14052,14444,14514,14598,14665,15145,15192,15348,15359,15508,16032
2755	2,2747,2748,2749,2757,2758,2765,2781,35595,49927,4994
12453	2,1250,1355,1371,1379,1380,1381,1384,1390,1392,1393,1396,1399,1405,1410,1415,1416,1422,1435,1484,1485,1486,2242,6169,6515,6918,6935,6956,8388,9796,11120,12450,1431,7012,12468,13176,15594,18309,21271,22648,23761,23780,23810,25279,26901,26975,29305,29575,35861,39492,44892,20619,26909,26910,32456,38038,47654
24539	2,24510,24733,27909
24714	2,2037,23520,24541,4516,7266,17200
41456	2,2644,2857,3886,4717,13616,14052,19509,22488,25186,25834,29771,32294,32310,33079,34822,35571,40925,38011,42055,43215,43342,49584,43482,48207
45046	2,1758,6923,6951,45009,47741
49927	2,128,2755,12628,16875,24642,26954,41087,41766,49896,49899,49900,49902,49916,6152,49938,49970,49987,49988,49928,49931,49940,49951,49958,49959,49961,49986
55	3,12,0
1532	3,12,41,1489,1513,1514,1515,1521,1488,7251,17643,17678
12636	3,2598,3622,5479,6027,12107,12618,12631,41,1342,2915,3394,6978,9780,9798,12641,12645,12649,12663,12670,12678,15294,18086,21429,27635,29326,29693,31183,32395,32627,35617,35851,36395,40062,40421,41021,42230,44619,17108,21199,32204,35185,41813
13185	3,2413,6685,13183,17847,29428,30724,31950,38691,40812,41436,49560
27552	3,207,1762,6507,7723,7785,7850,8668,8685,8816,9998,10051,10099,17634,19110,23536,24786,25224,25256,27536,27542,27549,27553,27554,27555,27561,27565,27570,27571,27574,27577,27578,27583,27584,27585,27586,27588,27590,27601,27611,27617,27626,27667,27671,27679,29307,29315,30220,31313,32302,33177,35179,35195,35451,38992,40363,40742,40802,41444,49546,34751,37034,37215,37274,37402,37416,37465,37466,37580,37597,37675,37701,37734,37735,37822,38988,43906,45019
72	4,8,0,125,8136
80	4,15,0,125
15326	4,1245,5160,9462,12324,15277,15304,19555,20927,29693,38745,40528,40534,40644,49295
19068	4,12562,19009,19204,40801
19079	4,14,3257,11879,19009,19022,19030,19032,19033,19041,19058,19082,19088,19105,19121,19127,19219,42697,42736,42742,19212,30076
24596	4,6928,10849,14043,6899,10652,24510,38375
42697	4,14,2908,6152,6158,6902,8768,11214,12333,13117,13156,17438,18523,19032,19058,19079,19113,20441,23207,23297,27888,29622,29884,42692,39169,42713,42718,42719,42736,42742,46263,42717,42732,42748,42750,42760
46126	4,1680,4113,11005,16187,22510,32193,33374,40359,45382,46039,46062,46112,46163
2022	5,1173,2017,439,1689,3883,10315,13867,14064,17636,18414,19038,22312,22506,22548,23573,34161,41457,41475,41517,41539,41632,41751,43030,45235
23527	5,2905,13166,14173,19041,19358,21167,23507,23512,23523,23634,24773,31179,34140,34202,40448,46263,49600,35507,42070,45161,49710,49736
30257	5,204,22939,30251,1,7279,18127,29248,31232,47425
32503	5,223,242,4411,6710,9472,13204,16176,18924,19513,23688,27544,27549,32132,32188,32373,32488,32565,32579,35207,35635,35657,38125,38173,42056,45045
41457	5,1457,2022,5925,13616,15278,19992,23512,23513,23523,23525,29720,33013,34161,34164,34394,34461,34466,34510,49917,49992
43262	5,138,6122,15812,16869,17018,28193,17048
49574	5,20,1782,1937,16871,24106,40633,1667,8715,47441,49612
98	6,95,5937,7468,7985,11841,20003,29784,32198,35679,35740,41765,43140,44279,44505,49909,575,2831,3781,5933,7989,13421,19662,20562,23173,23318,24609,28381,44431,48141
2203	6,2118,2123,2273,27381,28380
3238	6,74,2063,2281,3232,3253,11851,13138,18320,25998,31024,32667,40414,41098,41784,42897,45078,5102,5521,6783,7644,7675,8812,10489,10500,14397,14399,16007,20845,21914,25747,25836,25885,25905,30866,30930,42785,45880,48662
5040	6,31,1841,1890,2233,3237,3281,4725,5033,12580,13280,15294,25168,27383,27388,29521,34875,41684,5090,8018,8760,12651,18297,20565,20590,20599,23366,25166,44452,45071
8795	6,5009,8766,12577,17868,17869,17870,17871,17872,17873,17874,17875,17876,17877,17878,17879,17880,17881,17882,17883,17884,17885,17886,17887,17888,17889
9843	6,9451,9770,9874,15289,18614,18634,18861,20521,32203,35738,35847,38134,40509,43111,48964
9847	6,2149,5588,9770,9777,9784,9814,9836,8025,9854,9858,12634,12637,13285,14437,17039,17493,18305,18320,18336,18338,18440,18449,18576,18581,18604,18609,18614,18623,20444,20462,20492,20506,20523,20619,24387,30245,30423,30782,32627,35699,35861,38837,40782,44372,44564,48964
15294	6,3403,5040,9784,12636,12637,15277,18002,18296,18310,18332,18581,35684,35698,37981,38800,19343
17874	6,575,8786,8795,17059,20554,20825,22575,28332,42858,17888
18286	6,1913,6782,9784,9794,9841,12620,18299,18331,24900,30971,32366,43105
18311	6,2242,3875,8933,8935,9834,9841,13696,15715,18276,18287,18294,18299,9782,11860,18324,18335,18348,18359,18363,18646,20518,24900,29611,30153,30209,35684,40301,41786,18321
18320	6,3238,9822,9841,9847,18279,18556,18581,18587,19539,20525,20542,20553,24140
20553	6,3010,9463,18306,18320,18886,20456,24173,40414,41782,41791,41801,42019,43213
35699	6,9777,9847,12603,18312,38800
35776	6,5998,7263,9657,9780,9814,12667,20504,24680,30141,35612,35698,35702,35752,41970,46388,38300
38736	6,478,13143,18329,25203,27654,29326,38734,18296
38750	6,478,4364,4673,13885,15301,18277,38734,38737,38739,38746,38828,46220,42970
38800	6,9832,12107,12468,12645,12653,12667,15294,18581,23562,34977,38734,35699,42224,42227
31993	7,3237,18418,31949
40218	7,12343,20495,32505,35446,40199,40201,40202,40203,25048,43692,44823,49924
40433	7,16539,40423,40434
85	8,83,0,12,24,28,34211
24777	8,4481,7458,8287,42719,46239,30286,42394,46241,46248,49858
6085	9,82,4364,6021,6042,6045,8804,10506,19909,23036,25153,29752,43265
18972	9,2273,7192,9386,11077,11315,13092,18971,20280,21078,23252,43531
19269	9,3796,4364,6019,6222,7755,9778,18578,19254,19263,19271,19273,19278,19279,19281,19300,19314,19444,22947,23512,23569,27101,29546,31179,33264,33900,33909,34174,34286,39038,42073,42704,43126,19284,23696,33028,34234
6027	10,11,6021,12636,24019,31313,32175,34929,37829,32069,32109,32476,39098,48207,49707
13793	10,97,120,180,181,182,442,623,2062,3230,3298,3574,3575,3576,5143,5490,6783,7506,8434,8761,8862,9163,11377,11381,11387,11399,11401,11419,13182,13792,12633,13863,13876,14047,15174,15180,19427,19428,19429,21239,21866,22343,22355,22357,22756,23507,23517,23690,24822,25200,29127,29379,29871,31435,32534,32539,34145,34159,34169,34176,34183,34200,34207,34218,34248,34249,34250,34258,34267,34281,34297,34299,34313,34326,34330,34334,34365,34397,34400,34401,34413,34419,34430,34440,34441,34450,34460,34462,34463,34464,34466,34499,34501,34502,34504,34505,34514,34517,34518,34519
23557	10,10041,11399,36674,39242,39243,41367,41920,44204,34245,34332,34511,34592,34604,34642,34644,36838,37125,37172,37188,37356,37580,37597,37675,37701,37734,37735,37822,38487,38559,38571,38576,39233,39273,39343,40748,41046,41239,43210
29581	10,29572,29586,35477
35477	10,16,9822,13081,19444,24065,27615,29581,29586,35435,48745
35617	10,1080,2416,9194,12636,16876,16879,16901,19352,23520,23697,23698,24238,24521,25097,25200,29750,32046,32055,32091,32158,32250,34009,34235,34471,3734,25186,25195,27736,34017,35585,38827,41419,41447,41450,43425,45195,47425,49734,49947
1754	11,963,1741,952,1755,2682,6998,7717,7755,15088,16862,20026,20199,22947,25196,27595,28983,29574,30065,32007,33017,33420,33767,34287,34463,34471,40455,40513,41417,41436,41523,42052,43125,44272,47174,47763,48509,15648
7789	11,638,1350,2633,3657,5178,5266,5269,5279,6019,7703,7712,5274,7827,8330,8380,9157,9618,9648,10782,11102,11117,11141,11146,12410,12666,13367,15811,16520,16907,17748,17771,18266,18506,19487,22982,26559,28348,30214,31366,32059,32072,32198,33307,33721,33739,38790,45433,47748,49569,49605,49665,8377,23696
11142	11,131,5370,6194,6468,6477,6515,6603,6939,6993,7293,7797,7831,8212,8543,8773,9154,9892,10805,10924,11092,40757,12272,14452,14455,14457,14514,16490,16810,17255,17576,17583,17910,17951,19509,20506,23726,23733,24226,24317,24323,24411,24456,24541,24679,28672,28722,28776,30693,30952,32147,32751,33310,33325,33347,35326,35563,35754,38755,38776,39169,39529,40636,40641,40642,40664,40771,40870,40996,41002,41112,41276,41295,41704,43648,44787,45404,45427,45565,45588,45594,45595,45686,48086
12633	11,110,168,242,638,1638,2295,2671,2707,3948,5784,6101,6653,6893,7717,7718,7723,7728,7730,7784,7801,7839,7849,8222,8685,8717,8729,8773,9109,9154,9784,9912,10276,10782,11488,12132,12151,12418,12421,12618,7970,12666,33192,33194,33272,13789,13793,14277,14440,14577,15156,16380,16869,16873,16883,16948,17106,17123,17150,17288,18581,18587,19024,20003,20066,20612,21785,22921,22928,22981,23071,23517,23586,23687,23830,24337,25153,25202,25205,25228,27544,27587,27618,28705,28867,28868,29438,29799,29814,30214,30305,31153,32004,32030,32050,32064,32067,32072,32128,32158
17898	11,987,1234,4483,7796,7849,9453,15817,17890,1797,23632,23055,24101,24902,27667,32010,32089,32504,32505,32631,33159,34932,35802,36687,36711,36780,37628,39740,41415,41902,42281
19049	11,106,1186,2165,7001,9850,10058,10632,11760,11860,14738,19009,19022,19038,1797,3734,13795,25193,30208,32042,33017,33026,33498,36933,38742,38761,44849,19920,22867,22969,24514,30223,32128,32188,35451,37231,37631,38992,40062,41409,43018,43593,45887
22486	11,1689,10027,10091,13847,13958,18163,22474,25186,29516,36683,36909,37026,42203,45022,25256,25995,34200,41645
26970	11,18295,26949,46041,29813,35557,39036
27554	11,7785,10253,27537,27552,5944,23508,27573,27574,27585,27589,27617,27620,27659,27661,27663,32022,33177,27668
27585	11,1528,2764,6893,7785,9998,10253,25256,27550,27551,27552,27554,27555,27564,27570,27571,27573,27574,27583,27584,27587,27588,27589,27590,27600,27610,27617,27626,27638,27650,27652,27667,27675,27679,27682,32036,38737,27586,27597,27620,27630,27655,27661,30220,32096,35451,38125,40998
27591	11,7785,20219,24354,27560,27590
27679	11,12,2141,5773,5784,9998,13882,19365,25195,25205,25212,25215,27552,27555,27556,27564,27570,27573,27574,27583,27585,27588,27589,27590,27600,27620,27626,27636,27638,27655,27669,27670,27676,1031,1135,10018,13843,13996,18912,19443,21556,25186,27086,27613,27617,29722,32233,33192,34930,35685,37448,38074,38737,40363,40999,41433,41664,45018
29576	11,110,2752,2762,7854,10315,12638,17634,18289,23525,25257,26976,27051,27600,27662,29572,32072,32537,35574,35701,35801,40454,48511,34464
32631	11,1085,2684,19421,23574,24002,31890,32505,32626,8715,16621,17898,25195,33192,33264,45018,46505,35613
34906	11,17584,18841,32233,33785,10652,34921,34944,45581
41444	11,207,2141,13616,20441,23586,26976,27552,27566,27615,27667,33766,34964,38812,43121,44248,44823
1085	12,439,975,1078,1083,1094,1100,1101,1129,1220,1856,2646,10052,12649,13795,23305,24550,25058,25195,25224,29454,29464,29468,32631,34278,37026,38074,40749,40812,40814,3592,4210,13034,20473,24564,25199,25405,25421,26351,27549,29453,32171,33030,41501,43132,43231,43451,43647,43916,49843,49844,49921
7714	12,1809,2645,7712,7788,18963,23687,27086,27669,35195,35535,36682,39033,41063,44621,20943,32091,32128,41000,41007
29379	12,204,1099,1689,6101,6107,6114,7713,7830,12444,13793,13847,13858,15356,16710,19352,20561,22935,25146,25196,25200,25205,25257,25264,27622,27680,733,1664,1667,4125,13101,27260,29504,29858,30142,33805,34442,36687,36750,38992,41517,41632,41664,42048,43052,43179,45056,45403,30226,32396,37149,37303,37439,39130,39920,42074,42214,43278,49954
35195	12,1823,7299,7714,11192,11735,12592,16877,17740,18506,18925,20329,24673,27540,27552,27597,27635,33383,34589,35176,41475,38754,39100,39797,40307,40355,41000,43083,45645
43121	12,116,134,1489,1923,2438,3271,11239,12655,13789,13979,17634,18163,19016,19025,19138,22773,23305,23512,23523,23696,23697,23698,24713,26978,27555,27590,28297,29307,30209,32042,32058,32169,32326,33028,33547,33555,33762,34140,34406,34407,34949,35013,35582,38794,39131,40471,40957,41442,41444,41619,42253,17030,38764,48416,49546,49554,45161,49707,49888
12584	13,2180,2276,2572,4465,5498,6171,6172,6208,6683,11246,12561,12565,12566,12568,12569,12585,12586,12592,12600,12601,12605,12616,13834,16516,18591,23998,24066,29521,37978,38737,48821,40358,42019
32064	13,110,183,186,7755,13903,16519,25710,25746,29546,30305,32039,12633,18991,27653,44412,49913
89	16,18,38,0,12,28,9745,19044,23156,25701
12570	16,17,111,127,142,2591,6152,6157,6171,7475,11246,12566,12580,24377,29319,42414,42704,44575,22055,23061
19044	16,89,6152,12562,14031,16608,19009
29319	16,4481,9281,12519,12566,12570,29313,29329,34164
95	17,96,97,98,99,100,101,102,103,104,105,106,107,108,109,110,111,112,113,114,115,116,117,118,119,120,121,122,123,124,125,126,127,128,129,130,131,132,133,134,135,136,137,138,139,140,141,142,143,144,145,146,147,148,149,150,151,152,153,154,155,156,157,158,159,160,161,162,163,164,165,166,167,168,169,170,171,172,173,174,175,176,177,178,179,180,181,182,183,184,185,186,187,188,189,190,191,192,193,194
128	17,95,146,150,7284,20209,30062,38742,42704,44583,49927,151,167,9677,23061,27387,35589
134	17,95,138,166,168,243,1228,2680,2687,3743,4185,4934,5005,6108,6174,7429,7459,7918,8323,8501,9153,9170,9174,9221,9612,10842,10935,12004,12122,12226,13017,13205,13501,14567,16993,17041,17046,17048,17070,17881,18819,19130,20480,22307,24352,24356,26825,26869,26872,26877,26883,26891,28193,28899,29719,29772,29775,29808,29817,29819,29825,29828,29836,29846,29859,29867,29868,30115,30808,31231,31251,36270,41400,41506,41885,43119,43120,43121,43122,43123,43124,43125,43126,43127,43128,43129,43130,43131,43132,43133,43134,43135,43136,43137,43138,43139,43140,43141,43142,43143
150	17,95,99,103,115,122,128,149,120,160,164,11875,20457,48122,48144,49944,233,11872,13451,18338,23040,30114,36643
6157	17,123,142,195,1388,1923,6143,11164,12570,20533,22339,23188,24550,38813,42704,44370,15019,20565,20590,20599,28913
7284	17,128,7240,13,7380,9449,20533,22638,42414,42704,20599,44510
20016	17,146,164,6207,6935,7398,9172,19051,19978,22638,26936,32864,49015
20533	17,125,142,338,2282,6157,7284,7485,7897,6181,25730,42704,42716,43056,44372
20599	17,125,2196,6181,7470,7897,9093,17552,20565,20590,142,2282,5040,6157,7284,7485,9826,14284,19109,20554,21298,25730,25736,30169,30269,32650,35520,42704,44372,47368,25720,28913,48442
42704	17,107,117,121,125,128,135,142,241,338,2196,5474,6157,6194,7284,7852,11164,12570,16809,19033,19107,19269,20533,20565,20590,20599,21077,21078,24568,24813,25720,25730,25734,25740,28712,29546,31982,41539,41782,42692,42716,42724,42737,42739,44379,44575,45927,42725,42766,44358,44505
49678	17,19,50,2644,16718,18536,24643,27403,27549,31231,40952,43154,2019
2406	18,253,1113,2407,2408,2409,2410,2411,2412,2413,2414,2415,2416,2417,2418,2419,2420,2421,2422,2423,2424,2425,2426,2427,2428,2429,2430,2431,2432,2433,2434,2435,2436,2437,2438,2439,2440,2441,2442,2443,2444,2445,2446,2447,2448,2449,2450,2451,2452
2411	18,1255,1404,2406,1220,13795,26440,42522,42859,45679,19439,34774
12562	18,6152,6159,6169,6171,6176,12249,14592,18354,19044,19051,19068,19329,25724,25736,25739,27666,44575,18350,19185,19439,24813,24954,43167,46292
439	19,242,437,1085,1113,1689,2646,10027,13818,13847,14240,16621,18917,25184,25188,25195,25225,27736,33075,40814,41573,41664,926,975,2022,2142,3230,3298,3784,3931,4604,8446,8685,9284,11014,13795,14077,19057,21866,21873,23517,24522,24626,25194,25224,25256,27328,27549,27609,27717,29008,29608,30602,30785,32171,33051,33109,34150,34152,34165,34176,34200,34257,34258,34299,34326,34464,34521,34525,34536,34539,34567,35560,36924,38719,40118,40384,41062,41409,42292,42400,42776,43154,43456,43593,43906,45041,48207,49946
1100	19,242,394,660,667,1078,1085,2646,10052,16621,40749,40814,1113,1343,1950,2142,3889,6038,8685,10120,11551,11562,12343,12798,12813,13800,13810,13847,13858,14690,15438,16404,16532,17061,19150,19429,20247,20284,20386,20824,21534,21555,21873,22118,22377,22798,23803,24430,24700,24833,25200,25224,25405,25421,26522,27322,27736,28969,29461,30692,32171,33026,33051,33374,34152,34164,34200,34202,34205,34275,34299,34443,35251,36924,37026,37186,37441,38074,38859,39970,40801,40938,41501,41573,41591,42292,42349,42360,42367,43079,43197,43256,43432,43456,43593,43647,45011,45049,47261,48207
1694	19,168,204,1657,1666,1670,1677,1679,1685,1688,1692,1220,1705,1864,1956,2637,2641,2667,2672,2681,2687,2691,2698,11709,13146,13495,13510,13702,13847,14861,15247,15285,15286,15389,16716,16893,17234,17235,18110,18146,18148,18155,18621,22526,23148,23964,23966,23971,24334,24642,25184,27286,27319,27373,28574,29444,29483,29513,29521,29525,29526,29558,30931,31229,31255,32084,32414,32751,32778,33594,40996,41093,43179,43201,43207,43224,43282,43285,43293,43311,45076,47442,49644,49841,1736,2704,3231,8501,13497,16472,18150,18159,18536,26545,26872,34278,35481,35494,39582,41094
1705	19,168,1657,1670,1679,1685,1688,1694,1664,1864,1956,2667,2687,2698,11709,12739,13702,18155,23971,24642,29521,35481
2413	19,204,340,660,667,1181,1904,2294,2406,2496,2666,2687,3889,3931,4653,7242,9542,10267,11577,14299,16656,17976,19087,20300,22968,27249,27328,27379,27750,28967,29004,29390,29454,29491,29508,29513,29526,33377,39649,46600,47445,47568,48865,2637,2667,2720,3205,3231,3940,5134,6038,7515,7852,8672,9264,11571,13185,13415,13795,15471,16713,16723,17235,17862,18529,19312,20488,21572,21574,23264,23726,24208,24430,24467,25892,27553,27736,29429,29444,29445,29455,29482,29485,29494,29514,29521,29525,29542,29552,29558,30229,33026,35135,37009,37978,38315,39625,39968,40384,41166
2644	19,87,576,1031,1689,2637,1685,2646,3734,3889,7246,7756,9696,13847,19295,19935,21555,22505,23305,23599,26879,27653,27680,27750,29516,33046,33075,38011,41456,44804,45018,46065,49678,19038,21873,29508,29541,33109,35686,37181,43201
2646	19,439,667,1085,1100,2637,2640,2644,2645,1689,2659,2678,2684,14746,15175,16862,18911,18991,23550,29516,35570,36702,38011,14743,15631,15712,16993,19150,27653,29260,29453,29508,29542,30692,32628,32717,33030,33109,36665,36746,42292,42818,43647,44149,45744
2659	19,168,438,975,1677,1688,1913,2059,2215,2324,2410,2637,2640,2641,2646,2647,2648,2649,2653,2655,2663,2664,2666,2667,2668,2669,2670,2671,2675,2677,2682,2689,2691,2697,2700,2708,5025,6063,6109,8565,8670,12347,17019,21556,24337,26440,27251,29247,29260,29432,29438,29441,29445,29463,29464,29484,29513,29517,29526,33109,35494,35570,35613,35630,41523,43145,43422,43447,49582,2680,2687,2688,2692,2704,2707,2709,2714,2716,2719,3205,3231,3282,4197,4228,4244,4311,4935,5055,5225,5422,6124,8201,8536,8556,8685,9456,9493,9912,11571,12154
2678	19,168,638,975,1031,1664,2031,2324,2637,2640,2646,2647,2648,2649,2663,2667,2668,2669,2671,2674,2677,1667,1689,2689,19388,29551,37447,2680,2682,2684,2688,2694,2697,2700,2704,2708,2717,2719,3205,3231,3282,3568,4002,4104,4376,5422,5773,5774,5784,6030,6109,7863,7867,7876,8528,8565,8667,8685,9493,10023,10946,12122,12759,13466,13730,13810,13907,14028,14030,14064,14065,14157,14385,14553,15088,15145,15148,15356,15359,15631,15634,15731,16326,16350,16636,16713,16947,16953,16969,17070,17235,17252,17450,17451,17740,18159,19150,19198,19389,19535
3734	19,443,1031,1135,1620,2192,2644,3684,3714,1664,1689,13101,13808,13837,13847,14112,14746,15993,19920,19921,21556,23550,25138,25146,25170,25188,25215,30602,33207,34018,35549,35678,35692,40178,40384,41646,41680,41726,43201,44824,45403,46515,49547,7759,7858,9696,9970,10026,10035,10102,11860,12430,13795,13804,14181,14581,17235,19049,19365,20066,21843,22504,22505,23520,24615,25187,25195,25225,26871,27541,29444,29490,29504,29842,32649,32751,34737,34815,35603,35617,35630,35686,36392,36758,36781,36784,36794,36877,36878,36901,36913,36996,37006,37020,37046,37067,37079,37105,37150,37182
3926	19,1228,2059,3873,3882,3883,3920,1220,3927,3948,4006,4035,4074,4160,4196,4207,4231,4234,4239,4240,4245,4246,4254,4314,4315,4321,4707,10287,10301,11018,13992,14983,15141,16235,16257,16689,17022,17740,18511,18530,19077,19968,20490,20943,21168,21855,22147,22225,22274,22317,23305,23922,24127,24748,26887,29462,34825,41808,43145,43298,44795,47441,48288,4281,4935,7372,15356,16245,20825,37254,38975,42262,43506,44651,44899,46144,48925,49278
7463	19,2825,4173,4222,7266,7457,3993,9585,9799,9850,10671,10924,12669,12683,13072,14007,16836,17039,19041,20626,20644,22991,23025,23079,23863,24521,24542,24605,24633,24644,26397,27542,28297,29130,29439,29452,29599,30946,31394,32085,34329,34795,35701,35709,36017,42621,42633,43955,44210,44257,48021,49010,16032,18001,20639,38216,43296
9892	19,2689,3523,4114,4223,5908,6667,7432,8391,9872,546,1183,1220,1382,4516,6941,7678,9386,11100,11142,11723,12555,13276,13277,13309,13864,14324,15091,16396,18005,18573,22182,22219,22496,22502,22510,22512,22518,22521,22522,22525,22532,22537,22543,22617,23481,24202,25749,26043,26085,27641,32928,33299,35251,36130,36562,39161,39585,40808,41915,43622,45602,48204,9976,11272,11551,13069,13287,13689,13702,15345,15662,18844,19009,19128,21621,22646,23080,23882,24007,24734,28781,29459,30569,32748,33304,41157,41930,42493,43322,43340,43589,44008,45482,47445,47819
10240	19,601,660,748,1113,1181,1823,1899,3518,3523,4090,4222,4265,4568,5856,6026,6038,6785,8448,8685,10164,10430,16685,19077,22101,23552,26600,34167,40814,41573,44824,10268,10605,10986,11551,11609,11646,12018,12401,12936,14007,14382,14911,14919,15567,16308,16532,18188,19057,19092,19352,19609,19650,19681,19733,20139,20300,20473,20852,21555,21873,22100,22163,22164,22505,22866,23979,24208,24423,24436,24700,25197,25405,25409,25421,25794,26359,27069,27253,27278,27296,27362,27717,27750,28132,28750,28829,28942,29216,29444,29460,30602,30783,31122,32187,33624,34278,35327,37331,37356
13076	19,105,1923,2253,2507,2623,2648,5225,7521,7850,13072,13077,13085,13095,13116,13133,13149,13440,13509,14005,14064,17441,22773,22932,23512,25728,30114,31756,32504,32547,34215,34388,35560,36562,38735,40918,41004,44452,13430,18036,28867,29307,33192,33194,34164,34178,34464,34466,34510,34726,43210,44018
18163	19,135,168,442,1230,2784,2902,3298,3573,5490,7858,7956,10119,11384,12313,12519,12972,13661,13795,13847,14026,14175,14189,14204,14246,14567,15182,15186,16715,18162,18539,18916,18919,18924,19358,19930,21560,22265,22357,22486,22756,23202,23616,23684,25224,25225,25256,27578,27597,27605,27653,27655,29432,33121,34164,34176,34200,34257,34258,34274,34289,34299,34426,34427,34450,34464,34484,34571,34595,34612,34739,34802,34899,36673,36682,36988,37292,40178,40383,40981,41480,43121,43154,45195,47460,25195
19388	19,110,168,339,971,1234,1593,1752,1778,1907,2668,2678,2696,3563,3621,4207,4668,5807,5854,6026,6995,7713,7732,8674,8683,8685,8686,8932,9194,9570,9580,9780,12131,12442,12444,12445,12655,12938,13795,13898,14013,14782,15175,15193,16644,16887,17695,17809,19359,1617,1797,20107,23631,25187,45860,46505,48989,19513,19676,19919,20556,21243,21863,22921,22937,23517,23573,23577,23594,23687,23690,23782,24864,25192,25228,25256,26148,26149,26152,26162,26353,27541,27578,27584,27597,27617,28866,28871,28873,29452,30384,31078,31179,32046,32065,32096,32174,32398,32540,32564
20290	19,1135,1689,4161,7852,7862,10408,11551,11562,14690,17061,18001,18165,19077,20283,21210,21839,22265,25188,25195,27790,29008,29467,30602,39207,40808,36111,49946
23202	19,2285,4011,4143,4270,4875,6229,8068,9956,14515,14567,15040,18163,20841,22091,22265,23179,555,4133,4218,22101,22124,23935,25193,27103,27492,27529,27656,27818,35242,36754,36827,37281,38719,41746,44943,45886,46634,49226,27808,34200,37011,37070,40383
23512	19,442,1230,1457,2762,3576,4210,5225,11377,11399,13076,13800,13829,13845,13868,13960,14246,14943,15207,17636,18127,18578,18998,19063,19269,22340,23360,23507,23509,23510,23511,23513,23523,23525,23527,23542,23573,23593,23687,24518,25057,29246,29720,29745,32072,32537,33121,33555,34140,34149,34152,34161,34179,34198,34207,34219,34364,34388,34394,34404,34407,34413,34430,34452,34464,34466,34484,34510,34972,35443,35560,35589,35599,35614,35685,35710,41412,41439,41457,42073,43121,45146,49985,23613,23690,29315,32303,32508,34159,34173,34176,34223,34227,34258,34331,34332,34348,34403,34406,34436
25195	19,439,1085,1088,1230,1673,1950,2640,2645,2662,6030,9639,10120,10151,13847,16621,17328,18276,18924,19443,20290,21429,21873,22265,25170,25178,25186,1664,1667,3734,15360,18163,27583,27584,27679,27736,27808,29461,29516,36683,38737,40814,41591,41664,44089,44092,44120,45022,25200,25224,25257,25405,25421,27479,27561,32631,34442,35617,37226,37615,39547,40178,43861,45019,45041,47770,49946
25239	19,8721,9194,9998,20567,25170,25178,25194,25175,25188,25256,27655,29772,34835,35179,35565,35621,37009,37096,49226
25256	19,454,459,1084,2588,7521,7785,10027,12519,12578,13478,13795,13797,13832,13877,13879,13882,13920,13930,13938,13993,14014,14015,14026,14027,14056,14057,14058,14077,14085,14090,14094,14098,14105,14112,14123,14125,14139,14140,14152,14163,14174,14189,14198,14234,14243,15175,16701,17634,18163,18302,18916,18917,19365,22312,23597,23624,23646,24281,25170,25178,25186,25200,25215,25239,439,1667,9997,10003,10018,13800,13858,13870,13948,14064,14065,14101,14195,14225,14236,18963,19388,19443,22486,23257,23631,23666,25175,25224,27086,27549,27552,27555,27571,27585,27588,27590,27600,27617,27626
26887	19,2036,2850,3926,4935,6109,8721,11858,13744,15731,16680,16963,17022,23041,26869,26872,29260,29721,29742,29768,29875,34485,43175,43190,43202,43235,43236,43258,43276,43335,43495,44321,43284
27736	19,242,439,450,713,1088,1673,1879,2662,2812,3518,4090,5588,5745,7190,7761,7852,12766,13800,13820,13829,13877,14070,15712,17328,18338,19077,19664,20284,20472,20506,20943,21866,21873,22505,22514,23305,23517,23521,23535,23628,23809,24208,24700,25058,25194,25195,25197,25224,25257,25405,25421,26217,26516,26853,27536,27664,1100,2413,10052,11860,21562,21834,29208,29490,36754,37035,37061,40808,40812,43375,45022,27808,28704,28733,29451,29461,29851,30217,31142,32171,33335,33416,33836,34164,34196,34536,35617,35678,36537,36966,40367,40382,40938,41046,41172,41412,41591,41620,41903
27808	19,242,1234,3549,3895,3920,3994,6030,6057,7852,8531,9638,10114,12649,13810,14303,14951,15186,18539,18916,20473,20970,21560,22265,23690,24615,24700,25195,25224,26195,26853,27498,27549,27609,27683,7266,23202,27736,28719,30228,36754,37186,40814,41939,27825,30483,32171,32640,34164,34299,36925,36947,37035,37269,37292,37379,38991,39970,40749,41645,42292,43172,43267,43319,43377,45037,49861
29260	19,169,184,204,237,2659,2668,4884,6108,6109,7192,12171,12351,13221,16863,16869,16895,16910,16962,16976,17010,17012,17018,17022,17041,17440,17894,24335,24866,25228,25243,26567,26887,29245,29247,2646,16894,20074,29279,29281,29286,29724,29741,29747,33051,34009,34432,37582,40685,42051,43186,43277,43282,43342,43593,45443,45839,45845,47182
35585	19,97,971,2638,3575,5025,5588,7522,9194,9221,13661,15356,16680,16878,18861,22925,25146,26872,29574,33051,33416,34185,34485,24789,31232,35621,42051,43142,43447,48601,35617,35630,41523,41810,42057,43210,43287,43304,43374,43432,43560,43570,44293,46144,46514,47425,47887,49942
44824	19,3734,7980,10240,10262,12693,14768,20824,25225,27586,27667,29444,29516,33018,33463,44815
47445	19,2413,3927,6339,6965,6996,7852,11551,12210,14275,15471,16713,18118,22506,24616,24700,25188,25359,27750,29229,29426,29457,29462,29471,29497,29508,29608,31780,34167,34866,37812,38011,39109,43281,45366,45574,46389,47190,2686,3889,9892,10812,13810,21562,27114,27602,27756,29597,47421,47681
52	21,0,63,67,1196,1814,2006,2791,2897,3400,4264,5038,5148,9504,9822,12640,13650,13655,13889,14049,14391,14969,15285,17880,18283,18294,18581,18614,18654,19513,20567,20615,21163,21565,28332,29382,30691,34280,35533,38626,40300,40429,40472,41628,41767,42013,42699,43892,44359,46050,48736
91	21,0,17033
2426	21,2406,2432,2434,2786,18292,24773,24919,26844,29579,34157,9473,24733
17025	21,1417,9201,12678,13077,14943,15340,17026,17027,17028,17029,17030,17031,17032,17033,17034,17035,17036,17037
17032	21,575,1913,2795,2829,5588,6783,9284,9816,9820,9821,11394,12634,13223,15302,15304,17025,17033,18277,18578,20554,21167,21705,23170,24851,26441,34463,41775,42982,44358,46219,46220,20379,34206,34669,35908,42240,42969,44417
17033	21,91,4174,10374,17025,17029,17032,20379,21705,22061
20379	21,11370,13077,17027,17033,17035,13212,17029,17032,21250
38841	21,5956,6017,9794,9807,12625,15285,15302,18301,34152,38834,12627,24376,39637,40364,42151,45011
9436	22,637,2539,6646,6819,9437,9438,9439,9440,9441,9442,9443,9444,9445,9446,9447,9448,9449,9450,9451,9452,9453,9454,9455,9456,9457,9458,9459,9460,9461,9462,9463,9464,9465,9466,9467,9468,9469,9470,9471,9472,9473,9474,9475,9476,9477,9478,9479,9480,9481,9482,9483,9484,9485,9486,9487,9488,9489,9490,9491,9492,9493,9494,9495,9496,9497,9498,9499,9500,9501,9502,9503,9504
30156	22,29,10723,15751,15761,18359,20499,40142,46220,30173
43400	22,6302,7345,11473,12043,17870,18283,28970,41439,17869,43463
38774	24,858,12466,22749,38734,1387,1426,35374
18071	26,6152,18070,33766,49866
19051	26,3241,6152,6182,12562,19009,13,19204,20016,20190
34211	28,38,83,85,9606,14728,16948,19020,19502,20293,22932,23522,24578,24787,26953,27062,27668,28751,29743,30040,30648,32069,32505,32543,33126,33424,35590,34964,36136,38713,39065,41427,42013,43191,46222
12647	29,490,957,1536,1595,1633,1647,2744,3593,3602,3606,3852,3967,4157,4234,4670,5030,5059,5773,6304,6481,6674,6957,6985,7048,7054,7606,7649,7983,8147,8209,8526,8685,8816,9463,9784,9912,10055,10077,10911,11539,11550,12026,12051,12116,12618,12642,1111,1881,2976,12649,12839,12850,14692,17106,19291,21191,25170,27301,28224,30608,32838,34027,34974,38719,40447,40812,40819,40822,42319,42338,44405,45018,45154,45393,48603,49011,12709,12871,12985,14825,15438,15984,16517,16532,16615,16809,17294,17429,17594,17993,18276,18588,18933,18935,18937,18945,18950,19110,20298
18556	29,351,575,10330,10352,18320,18555,579,14318,20525,20554,24661,30269,34287,47499,24545,24684,34801
48041	29,1073,2225,6023,7853,9850,16022,25044,35834,37761,42389,44753,45323,45883,48020,38698,41415,49672,49743
83	30,0,8,12,16,24,28,85,6935,33123,34211,23040
15520	30,8132,15496,16
573	31,522,545,576,5682,6165,6204,16369,17064,24178,24385,26065,41801,606,614,615,4841,6428,6840,9362,11040,11813,12486,12493,12502,15012,15552,15964,20784,24168,26125,38469,44597
1495	31,1417,1488,8859,19126,30460
1841	31,33,1810,1817,1870,2572,5040,5708,6169,9144,13117,13155,15340,18454,21077,22648,27383,27388,29704,34886,40278,42699,43085,4742,15335,16619,19106
6169	31,38,127,213,233,1841,1870,3875,6143,6159,6176,6185,6935,9172,12249,12453,12562,12585,13308,13320,16920,29695,38741,44892,11879,20590,25719,25720,32259
18591	31,32,88,92,2176,4752,5479,6152,9573,12584,13088,14980,18576,19130,20798,21077,22615,22773,23359,26366,27379,27383,29695,30940,42699,42713,48745,23437,25745,28612
19565	31,2242,3875,7704,8933,8935,9825,10494,17031,17050,17368,17474,19485,19573,19576,20604,24101,24138,30476,32651,38984,38985,43112,20608
26948	31,7883,17620,909,24385,40997,45423
29688	31,8797,29689,29690,29691,29692,29693,29694,29695,29696,29697,29698,29699,29700,29701,29702,29703,29704,29705,29706,29707,29708,29709,29710,29711,29712,29713,29714,29715,29716,29717,29718
29689	31,671,15282,15308,29431,29688,29692,29693,29694,29696,29697,29700,29704,29707,29712,32795,41079
29693	31,12636,15304,15326,24209,29688,29689,29694,29695,29697,29700,29703,29709,29710,29712,29714,33878,34892,40058,29711
29694	31,258,671,5670,17577,18176,20203,21288,21534,24208,24209,24425,27715,29688,29689,29692,29693,29697,29703,29704,29707,29709,29710,29712,41079,29696,29700,29711,31772,36575,41396,41984,43030,45647
29697	31,5670,12153,24208,29688,29689,29690,29692,29693,29694,29699,29701,29704,29705,29706,29707,29713,29715,36248,45458,29716
29700	31,5096,5588,9801,12977,13006,17031,21785,29688,29689,29693,29696,29694,29704,29709,30324,41079,43207
29707	31,5188,9362,16158,16619,17254,22623,22633,24425,24435,24442,28722,28776,29305,29688,29689,29694,29696,29697,29703,503,2437,17218,17649,30944,33362,35637,36163,37887,38694,39530,40728,41079,41383,44005,45436,45489,45537,45565,47829
29714	31,15304,23432,29693,29696,29703,270,29688,49247,44865
30940	31,90,918,2196,2252,2323,6935,7294,12291,13616,18591,18814,19130,22615,24066,27385,34890,43282
34892	31,90,29693,29695,34875,39474,49247,48500
34905	31,18841,21275,23484,23836,11860,13193,37968,40133,40718,48478
41684	31,1041,5040,19032
49247	31,39,18437,19125,19343,28901,29714,33641,34892,40718,41076,49187
90	32,0,1244,1797,1890,2276,6894,7261,12561,13387,19130,21077,22615,24619,24740,27383,27388,30940,34875,34892,47810,6019,34904
92	32,0,2246,12561,18591,22615,27383,27888,34875
2188	32,2118,2149,2176,2197,2259,2264,2276,6935,10495,12513,13117,13131,21077,22707,23359,27383,27388,27393,30152,34875,38794,42715,10164,30134,31444,31445,42533
2246	32,92,2242,16876,27383,29323,29330,44892,44895
12561	32,90,92,576,1890,2572,5498,6171,7467,11843,1772,4509,7012,7327,12584,13123,18109,18812,20776,21258,24115,24117,25733,26927,28879,29521,30357,34288,44005,44823,12585,12667,18573,18857,25710,40764,47186
19130	32,90,134,198,1250,2176,6175,7280,9147,9443,16795,18023,18591,22615,23087,24259,27383,29759,30940,40738,40739,43282,19131,21163,24299,34894,43346,43650,43653
22649	32,1890,6465,12249,17505,22603,22615,22651
27383	32,36,90,92,214,638,1698,1841,2176,2177,2188,2196,2231,2242,2246,2253,2264,2272,2298,3246,5040,6152,6892,7430,7483,8370,11190,13075,13088,13117,13131,14550,14997,15436,18591,19113,19130,20555,21077,21163,22707,22846,25726,27381,27388,27888,31989,42693,42699,42713,42715,31454,42739,44452
27888	32,92,1857,2176,2253,2276,4163,5458,6152,7472,7477,9854,11844,13075,13117,14997,16339,18376,18402,19058,20869,21170,24065,25561,27379,27383,27877,27885,29521,30039,31989,42697,42699,42713,42715,42739,45423,45480,45586,42776
34875	32,90,92,1870,1890,2188,5040,19106,22615,22707,34876,34877,34878,34879,34880,34881,34882,34883,34884,34885,34886,34887,34888,34889,34890,34891,34892,34893,34894,34895,34896,34897,34898,34899,34900,34901,34902,34903,34904
40158	32,1445,7046,7924,17198,17565,18016,20776,23880,35365,916,1077,4527,6623,7036,7466,10851,17649,23993,26708,33299,33340,37860,39523,40181,40403,41284,41782
40688	32,3429,6465,9530,17755,21281,21753,22615,22623,22639,22651,24066,24249,24447,24449,24661,30958,33362,34888,37857,39404,39588,40659,1387,43980,44005,45436
44005	32,2286,10821,12561,17198,18281,19576,20605,22615,22650,23214,24249,25728,26938,29707,39391,39588,40688,41969,11757,23993
15317	33,8787,9961,11384,12019,12341,12578,15277,20521,20539,49260,18356,34420,42107
19083	34,19009,19204,27555,29335,33296,39046
29251	34,6476,8685,29245,29246,29249,29252,29279,48220
38192	34,42,38123
956	36,934,1031,1110,1114,2641,2645,2684,10253,13221,18229,19000,19920,20561,21556,22921,22981,25187,27577,32071,32128,32364,32636,33757,37955,38831,41646
7323	36,7240
8804	36,6085,1000,2658,3235,8766,9850,11181,13797,13828,13889,13906,13917,13936,14120,14176,16456,17636,17894,23660,25191,28224,33325,33370,33407,33598,40654,43147,43210,43403,46074
13117	36,1841,2188,2251,2253,2264,2276,2323,3937,7124,7294,9130,13072,13084,2915,21077,22707,22846,25726,27381,27383,27388,27393,27888,31997,42697,42699,42713,42727,44387,44452,48144,19214,21273,27385,42240,42760,48942
17915	36,7257,11594,14895,17890,17902,4360,44859
38782	36,6160,38734,38739
41432	36,13616,25492,25498,27127,27266,27911,41244,49858
42001	36,19137,20528,35772
2572	37,300,1841,2276,2501,1772,7204,7327,12052,12561,12584,13174,16654,17199,17218,18122,18502,19084,20874,24106,26512,26516,32026,40966,40976,3295,6662,6683,11062,11387,11415,15640,16739,19009,19438,22357,26535,26539,33529,34149,38912,39530,40007,40944,41041,43685,48964
2914	37,97,147,198,285,295,441,485,495,505,506,630,899,964,1022,1036,1348,1352,1354,1356,1360,1362,1367,1371,1373,1390,1394,1395,1405,1408,1409,1411,1413,1415,1428,1446,1449,1453,1485,1511,1512,1513,1516,1518,1521,1522,1526,1567,1648,1676,1678,1734,1778,1959,2123,2146,2262,2520,2542,2601,2611,2627,2638,2648,2894,3389,3393,3394,3622,3761,3844,3896,4019,4104,4116,4261,4354,4393,4397,4400,4405,4411,4426,4433,4442,4457,4483,4485,4503,4684,4720,4758,5150,5230,5235,5243,5244,5250,5255,5274
7327	37,123,472,916,917,1077,1393,1406,1414,1419,1421,1432,1444,1445,1448,1515,1661,1790,2572,2902,4213,4400,4401,4431,4493,4512,4734,4758,5250,5407,6200,6455,6456,6472,6475,6478,6530,6549,6570,6588,6595,6596,6600,6603,6611,6622,6623,6629,6631,6632,6642,6648,6653,6654,6660,6939,6975,6985,7044,7048,7185,7191,7212,7274,7325,7351,7477,7479,7936,8153,8179,8187,8201,8551,8685,9076,9530,9657,10058,10605,10610,10644,10727,10793,10808,10887,11250,11302,11312,11542,11714,11735,11743,11757,11774,12191,12196,12210,12561,12694
9983	37,1432,1661,1982,2902,2924,4400,4527,6202,6570,6639,6642,6681,7038,9657,9982,10727,11190,11211,11542,12187,12231,12694,14454,16836,17163,17187,17196,17198,17208,17210,17227,17235,17237,17245,17257,17264,17266,17267,17269,17278,17575,17582,17616,17999,18309,19457,19506,20150,20154,23503,23775,23987,24000,25372,25391,26707,30293,30443,30818,30990,30995,30996,31051,31270,31454,33321,33355,33720,34026,35995,36079,39548,39584,39629,39729,39766,39784,39786,39799,39825,39928,39974,39975,40087,40402,40579,40585,40592,40610,40671,40678,40686,40687,40776,40870,40896,40902,40906,41294
17199	37,1790,2572,4527,6633,6653,8290,8346,10727,12210,12213,12836,13034,13115,14406,14454,14529,14841,14857,15495,17180,17216,17238,17245,17267,17278,17581,17762,17999,18309,19506,20772,24345,26520,26525,27959,28657,31270,31304,33331,33723,33872,36066,36079,37835,39762,40182,40397,40402,40610,40776,40810,40850,40891,41076,41294,41321,41393,44686,45461,45572,46513,47409,49465,49476
17203	37,478,857,3009,3376,4527,9799,11128,11779,14455,15249,17180,27959,40714,17576,17607,17767,18841,19444,20555,21571,23911,24411,24993,25372,32600,33306,33714,33723,35847,36035,38472,38499,38942,39476,39766,39974,40636,40854,41011,41025,41038,41106,41112,41380,41400,41963,42923,45423,48085,49179
43279	37,305,4839,23519,41407,43222,341,2036,4835,7192,13899,16166,23556,35604,43158,43313,43431,48049
29521	38,1694,1705,1863,1864,1870,1881,2276,2667,2689,5040,6184,6683,10395,11169,12561,12584,14746,17880,18557,20874,24734,27379,27888,29517,29520,2413,29543,38044,47810,34886,39131,48964
4389	39,186,528,575,638,850,1388,1943,3879,3880,3999,4327,4364,1535,6015,6016,6018,6019,7804,7850,8399,8671,8685,8760,9139,9778,10946,12650,13962,16532,18056,18630,20291,22934,22939,22943,22946,22947,23065,23543,23685,23694,23696,23697,23698,24521,24573,24595,24632,24671,33502,33636,34751,35701,36179,36756,37761,40455,40513,41523,42070,42556,44257,47181,48792,49873
8737	39,131,147,242,348,485,506,575,952,975,1036,1106,1120,1352,1356,1358,1428,1453,1512,1516,1559,1569,1595,1609,1674,1678,1683,1778,1879,1959,2041,2128,2136,2146,2160,2249,2454,2505,2715,3079,3091,3255,3347,3393,3395,3593,3622,3639,3844,3888,3896,4077,4116,4352,4401,4422,4426,4434,4450,4452,4464,4483,4525,4552,4684,4693,4995,5150,5171,5249,5263,5274,5279,5303,5387,5400,5406,5476,5487,5503,5520,5745,5842,5854,5926,6110,6230,6284,6455,6463,6464,6466,6485,6499,6505,6543,6549,6558,6562,6570
8859	39,206,660,1495,1606,2128,2216,2764,4262,5474,5479,5623,5944,7807,8816,8857,494,964,2147,2259,4481,6601,7795,9130,9384,9453,9776,10121,10318,11271,11591,12579,12637,12680,13075,13829,13841,13948,14699,14802,15321,15702,17031,17295,17771,17890,18095,18154,18314,18342,18648,18917,18980,19280,19438,19487,19580,19983,20489,21096,21257,21843,22677,22877,22943,23516,23573,23632,23733,24259,24265,24451,24671,25796,26117,26268,26355,26522,27018,27597,27638,27750,28196,28297,28631,29307,29446,29633,30214,31866,31997,32028,32042,32374,32420,32725,33310,33496,33600,33853
10790	39,5931,10773,32085,14286,45055,47017,48964
13344	39,8380,12979,1382,34886,38830
16163	39,593,1371,1967,3377,4475,5314,10629,16162,5046,16165,17148,17388,17758,17761,17773,17774,18009,18289,18298,24900,26094,26559,30043,30054,30741,30947,31238,31284,32366,32387,32785,32799,33236,33760,34886,35822,35843,36322,38300,38790,40071,43108,43992,44010,47024,47758
16165	39,16162,16163,30741,32242,32412,47758
18843	39,7266,13869,18840,19291,19438,20280,20544,34815,41753
24731	39,24684,24733
34957	39,1706,2922,7778,13928,17908,20216,22983,26973,30226,32294,33397,33562,34912,34913,1938,18841,34977,34988,34995,35001,35003,35005,35557,42322,34986
38300	39,1513,3039,4416,5933,9820,13670,16163,18093,19501,19540,24579,26104,32665,35612,35740,38278,2793,9778,12351,14958,16922,24036,26424,30328,30437,35776,38768,40425
39500	39,17031,22761,39481,39494,39498,39508,39780
16514	40,9869,11095,16505,33,19352,40068,42322,23585
15234	43,1355,1963,2561,2568,4408,4414,6966,6999,12451,15231,6962,7024,15241,16308,16476,17172,17198,17252,17286,17946,20154,23719,23729,23732,23738,23747,23748,23778,23784,23801,49617,23727,25038,26386,27882,27901,30907,42155
23717	43,302,536,1889,3422,4401,5373,6966,6977,7359,12782,13008,1366,6461,7024,23718,23719,23720,23721,23722,23723,23724,23725,23726,23727,23728,23729,23730,23731,23732,23733,23734,23735,23736,23737,23738,23739,23740,23741,23742,23743,23744,23745,23746,23747,23748,23749,23750,23751,23752,23753,23754,23755,23756,23757,23758,23759,23760,23761,23762,23763,23764,23765,23766,23767,23768,23769,23770,23771,23772,23773,23774,23775,23776,23777,23778,23779,23780,23781,23782,23783,23784,23785,23786,23787,23788,23789,23790,23791,23792,23793,23794,23795,23796,23797,23798,23799,23800,23801,23802
23756	43,23717,23508,23777,23785,23814
23762	43,6966,7049,7938,11800,13547,20154,23717,23719,23738,23747,23750,1110,1400,6962,6976,7024,7279,13278,14823,16379,23763,23771,23777,23780,23781,23787,23794,23795,23814,23821,23834,23835,23880,24322,26910,33267,36198,36532,40038,40680,49609
23768	43,1431,2505,2608,6966,15507,23717,23834,33135,33149
23780	43,4412,4482,6596,6966,6977,6982,7039,7511,12453,18634,19446,20154,23717,23725,23730,23736,23747,23748,23750,23759,23761,23762,23763,23767,23779,6962,23814,23818,23820,26056,31186,32791,32920,36354,39731,45594,48459,49609,49617
23785	43,17562,23717,23742,23756,23759,23765,23777,11756,23787,23792,23800,23807,23814,23830,23834,24322,40975
23792	43,2400,4518,5277,5314,5341,6452,6532,6574,6578,6582,6595,6961,6966,6977,6984,6989,7029,7039,7044,9668,10610,11477,11738,11794,11818,12272,12727,12735,12769,15236,17748,20150,20154,21933,22648,23717,23719,23730,23738,23748,23753,23763,23777,23785,23787,1356,6523,6565,6976,7019,10628,23801,23818,23860,26225,28673,32740,33721,34809,37836,37871,40108,40119,40135,40138,40661,40853,40855,42420,42920,44700,44705,44707,45373,45535
23807	43,1433,17562,17774,23738,23759,23777,23785,23787,13278,23814,23821,36198,41069,26386
23830	43,3577,6534,6542,7243,8123,11093,17746,23719,23730,23777,23785,23795,23814,1366,1400,12633,23781,23787,23821,23834,27028,29249,32050,32365,36198,38283
9156	44,5227,7820,8347,8722,12598,12674,17913,17937,33327,41112,9221
32042	44,316,8859,13075,18437,18539,19049,30305,1342,6978,12576,27597,38737,38741,38828,38847,40653,43121,48349
32300	44,7516,32298,32302,32304,32319,32322,32331,32337
1388	45,238,478,1347,1445,1959,1966,1967,3932,4213,4389,6157,6202,6609,7254,7462,8302,9076,9618,10971,12193,13044,13147,13176,14453,14454,15240,15490,15594,16836,17576,17581,17767,17774,18309,19444,20193,23810,24368,24513,25391,26927,29180,29399,31028,31270,33210,33353,33829,33872,39524,39540,39548,39584,39762,39939,39941,40087,40098,40256,40603,40648,40659,40678,40679,40687,40773,40891,40895,41025,41302,41311,41383,41398,42213,43316,43361,45389,48107,48970,48971,48974,6802
9796	45,5996,7261,7263,8806,9770,9791,9793,659,9802,9807,9811,9812,9826,12453,12577,13654,17273,18296,18302,18309,18581,18597,19885,23667,24680,24900,26905,27910,30245,34318,34974,35649,38737,38743,38781,41992,42039
24851	45,1404,3400,4742,7511,9781,12655,17032,18301,19891,15302,32157,35648,38830,40443,25032,32497,33028
33447	45,9598,13661,22037,33370,35628,35698,39058,34390
38813	45,1845,6157,15302,17893,18634,29580,38734,44892,49912
42150	45,15217,24514,24550,29018,32752,38732,35648
42695	45,123,932,6152,13855,19113,19117,21078,22642,24065,24526,24568,25264,31978,31989,41441,42692,42713,42716,42724,46264,48026,42730,49848
47	0,37953
37953	47,9777,24847,35780,37945,37949,38211
48	0,32496,34517,34553,34762,38123
49	0,33256,43137,2561
33256	49,1404,1642,3377,7881,11107,11735,11779,14447,18309,22773,4521,7012,28820,33257,33258,33259,33260,33261,33262,33263,33264,33265,33266,33267,33268,33269,33270,33271,33272,33273,33274,33275,33276,33277,33278,33279,33280,33281,33282,33283,33284,33285,33286,33287,33288,33289,33290,33291,33292,33293,33294,33295,33296,33297,33298,33299,33300,33301,33302,33303,33304,33305,33306,33307,33308,33309,33310,33311,33312,33313,33314,33315,33316,33317,33318,33319,33320,33321,33322,33323,33324,33325,33326,33327,33328,33329,33330,33331,33332,33333,33334,33335,33336,33337,33338,33339,33340,33341,33342
43137	49,134,337,6802,13174,20078,24249,43062,43167,43515,49848
50	0,19,6319,23556,49678
6319	50,6298,6311,6312,6357,6321
23556	50,161,627,1230,3230,3574,5143,5226,6804,9289,9942,11383,11384,11405,12338,13872,14121,15190,15207,15314,18351,19429,22355,22357,16904,29767,29806,33013,33557,34190,34202,34241,34297,34387,34702,43122,49909,23608,24051,29720,29827,32310,33051,33060,34155,34164,34176,34244,34245,34253,34259,34292,34295,34304,34308,34325,34390,34392,34397,34402,34419,34433,34439,34469,34485,34517,34575,34588,34602,34604,34606,34616,34626,34642,34651,34671,34688,34690,34696,34699,34740,34803,35523,36116,43279,45167,46233
51	0,33386
63	52,0,21,15289,24521
67	52,53,0
1196	52,1156,1176,2069,3038,5178,5181,12369,13857,14691,15174,16883,20074,20824,23552,24603,24951,25476,28203,29467,33898,33955,35060,38947,40429,41020,41484,43734
1814	52,1051,1465,1660,1731,1810,2011,2337,3034,3996,5179,6025,7521,11721,13207,13820,13848,13854,13886,13891,13919,13965,14015,14049,14064,14065,17233,17636,18289,19042,19250,19441,19921,20457,20465,20824,22476,23546,23619,23718,27127,27536,29321,32022,32146,32308,32499,32532,32630,32638,33373,34225,34679,35139,35590,35613,35722,39098,41407,41417,41442,41553,43382,44833,45129,45145,45889,49233,49546,49584,49705,3895,19306,24814,34751,37675,45170
2006	52,1987,10200,13836,13987,38082
2791	52,1417,2063,2523,2782,8794,18095,18441,18560,19485,19576,20514,20546,21231,35811,41768,41996,42903,43064,43115,19578,26398,29320,30994
2897	52,2523,2894,23508,30269,4717,46281
3400	52,354,1417,1884,2778,3390,9777,9793,15289,15302,16525,18284,18285,18456,18841,19033,20572,24851,35612,35654,38794,40422,40443,40462,40472,44372,3445,19356,20573,38832,40448
4264	52,455,2514,2943,3910,4011,4046,4070,4074,4075,4092,4106,4115,4122,4132,3026,3903,3948,3971,4004,4086,4101,4289,4707,5463,7569,10380,10407,10408,10469,11645,11649,13795,14918,18511,19520,20844,20956,21144,21732,21917,21930,22090,22092,22099,22103,22104,22105,22110,22115,22123,22124,22126,22130,22132,22136,22145,22149,22151,22154,22160,22163,22164,22170,22172,22173,22194,22195,25514,25768,25840,27340,28206,34190,39684,42723,43798,44985,46657,47299,48906,48912,5458,6098,16584,20827,21227,26250,29077,30114,46654,47327,48925,48935
5038	52,338,351,577,622,5033,7651,9105,9980,10473,12388,14274,14286,17689,20594,22474,24984,31978,36651,38716,39011,40431,40437,40508,42228,43798,45590,46707,8760
5148	52,2641,5149,5150,5151,5152,5153,5154,5155,5156,5157,5158,5159,5160,5161,5162,5163,5164,5165,5166,5167,5168,5169,5170,5171,5172,5173,5174,5175,5176,5177,5178,5179,5180,5181,5182,5183,5184,5185,5186,5187,5188,5189,5190,5191,5192,5193,5194,5195,5196,5197,5198,5199,5200,5201,5202,5203,5204,5205,5206,5207,5208,5209,5210,5211,5212,5213,5214,5215,5216,5217,5218,5219,5220,5221,5222,23508,5223
9504	52,1245,1249,2793,4981,2204,9436,12598,13643,18576,20529,22300,29840,30162,30263,30269,30280,41784,41970,42967,43171,43318,18327,18628,39174,44584
9822	52,102,171,2554,5099,5588,7699,9770,9788,9820,503,9850,13166,13654,13929,17998,18320,18578,26369,35477,35698,35702,12667,17034,18327,20604,40047,45181
12640	52,1230,3796,5035,5037,5057,11100,11101,11114,12618,12723,14969,15285,16324,17880,25182,31183,40443,41784,42169,42259,47644
13650	52,2204,2554,2921,5948,13618,13655,15289,17809,20615,22773,28884
13655	52,551,2070,2921,5132,5948,5985,10477,10508,10530,10535,11398,12341,12715,13650,2554,5061,13618,15289,17809,22773,30319,31942,32666,45078,45999,34586,36502,44627
13889	52,106,543,1230,3230,3246,8804,9808,10051,11381,11387,11394,11399,11413,11424,12128,450,13805,13872,14005,14238,18578,19357,23606,24698,29745,29778,34142,34151,34173,34174,34179,34190,34210,34290,34343,34390,45150,14242,14246,15207,16027,19427,19431,22355,23622,24678,25051,29767,29827,31435,33060,34159,34200,34205,34207,34220,34251,34280,34292,34415,34420,34438,34439,34466,34485,34517,34533,34537,34595,34602,34642,34651,34701,34704,34710,34725,34775,34781,34784,43377,45159
14049	52,626,629,1814,3574,3575,3576,6783,8677,9281,9289,9399,11392,11393,11398,11400,11401,11402,11404,11419,13182,13846,13854,13867,14014,14015,14059,14063,14082,14102,14105,14106,14123,14152,14204,14238,14242,15314,16027,18539,19427,19428,19436,22197,22340,22344,22351,22355,22357,23074,23362,23507,23590,23603,23693,23695,24678,29827,34145,34149,34155,34157,34159,34166,34173,34176,34189,34195,34205,34207,34222,34241,34245,34249,34250,34257,34258,34272,34294,34297,34304,34320,34322,34325,34330,34334,34338,34362,34364,34369,34386,34387,34403,34415,34416,34420,34434,34438,34439,34463
14391	52,2754,2864,4839,5188,7639,8810,9925,10723,11208,13499,14353,14390,557,6087,10477,11058,11863,13140,15595,15761,17486,18132,18349,18845,20512,20846,21163,21266,21639,24135,24846,26929,29857,30897,32666,34225,35791,35800,35894,36662,40062,40427,41529,43091,45305,47810,15003,15307,20500,22069,23478,28352
14969	52,1357,8759,12640,13930,14899,596,1069,1950,2529,2922,5049,5070,7468,7652,7913,9465,9798,9963,11213,11886,11981,12667,12682,14940,16267,17461,18182,19170,19358,19476,19513,21170,21200,21206,21208,21239,22973,23034,23065,23318,24610,25054,25067,25952,26137,26349,26398,26438,30269,30423,30473,30631,30676,33073,33114,33288,33505,33740,40437,41676,42523,43081,43593,44422,45280,47536,47623,48213,48454,48460,23014
15285	52,154,204,1694,2687,2806,5955,5956,6017,6782,12107,12627,12640,12645,12649,12652,12678,13671,14746,15277,2667,9805,15305,15715,17349,18150,18301,20506,21170,22049,22331,22773,23586,24900,28381,30200,30209,30459,33335,34278,34973,35780,35845,35847,38841,41018,41628,41767,42219,42549,44564,34986,34987
17880	52,73,93,204,1099,1556,2442,2576,2706,7515,7866,8793,8795,8797,9187,9471,10294,10469,10764,12406,12449,12577,12640,14271,14569,14746,15283,10236,18285,18294,18329,18614,19040,19109,19211,20204,20246,20310,20443,20447,20458,21172,22093,22184,23667,24217,24218,24226,24230,25080,25147,27717,29168,29521,30209,32366,32864,33083,33107,33766,34394,34468,35595,40437,41570,41628,41787,42744,42969,43064,43107,43304,44892,24250,49743
18283	52,351,575,2294,3875,4104,4530,5056,5670,5903,9841,10698,12775,14315,9784,18304,18306,18865,20779,21294,22037,35752,41775,43107,43400,44459,47366,20505,42535,42973,42979,45332,47617
18294	52,1639,1870,3540,3762,5536,5928,5933,6840,7444,8815,9467,9841,13280,14371,14569,14691,15312,16701,17880,18075,18100,18291,18293,15175,18281,18311,18324,18360,18576,18627,18816,18829,19542,20443,20444,20445,20446,20447,20448,20449,20450,20451,20452,20453,20454,20455,20456,20457,20458,20459,20460,20461,20462,20463,20464,20465,20466,20467,20468,20469,20470,20471,20472,20473,20474,20475,20476,20477,20478,20479,20480,20481,20482,20483,20484,20485,20486,20487,20488,20489,20490,20491,20492,20493,20494,20495,20496,20497,20498,20499,20500,20501,20502,20503,20504,20505,20506,20507,20508
18581	52,2442,5933,8154,9796,9847,12220,12624,12625,12667,13661,15289,15294,18278,18299,18320,18576,12633,18586,18609,20497,35738,38800,40492,40721,42010,49584,30423,41132,43080
18614	52,2281,2795,5265,5933,5955,9774,9784,9843,9847,9854,10534,13280,13632,14271,14318,15307,15715,15757,17022,17059,17880,18357,18439,18443,18576,18611,18613,18648,18829,18840,18851,18887,19904,20500,20543,21261,22528,22536,24140,24432,26944,29799,30878,32039,38737,40340,41738,41742,41799,42874,42908,43107,43410,47831,49873
18654	52,1245,1249,2901,5533,8790,17888,18436,18442,18612,8800,18818,18844,19891,20529,20546,21261,24101,28191,28884,30162,30269,32830,39174,40336,41784,43171,24166
19513	52,233,1404,5451,6092,9825,13166,14969,16477,18573,18588,503,5944,9837,11860,19388,19893,20216,20497,32231,32503,35698,41485,20190,25264,33804
20567	52,351,362,457,575,2523,2658,2798,3196,4025,4059,4184,4196,4208,4222,4265,4717,5049,5051,5057,5058,5075,5957,6030,6405,7611,8455,9099,9105,9891,10301,10315,10500,10698,11208,12352,12513,12552,12777,12796,13840,14352,14385,14408,15306,15309,16267,17441,18588,20562,347,546,586,3430,3954,5006,5074,5670,7569,8007,9181,9882,10296,13654,14338,15552,19542,20310,20581,20594,20955,21167,21171,21178,21210,21227,21241,22067,22506,22923,22954,22969,23006,23015,23052,23056,23164,23508,24025,24661,25239,26055,26427,27417,27480,27870,28364,28611,28707,30328
20615	52,2793,5928,8935,13650,18306,18603,18618,18832,20472,20514,20546,2554,18599,24140,25054,26849,28884,35481,39650,40320,41801,42890,43108,43207,46032,47809,47842
21163	52,2223,2694,2864,2917,2922,5057,9969,10269,13179,14391,15305,17349,15289,19130,21165,21302,21312,21313,24032,27383,43107,21307,26429
21565	52,2687,16718,12344,13081,21553,23971
28332	52,4767,5086,9105,9969,17874,28296,44503,42966,44358,44393,44417
29382	52,10287,11466,11473,13895,15747,19352,19752,20826,25507,26336,29380,29414,29415,46597,29384,29385,29387,29389,29390,29391,29393,29396,29404,29418,30573,30620,30656,34070,34870,40267,42869
34280	52,1446,3577,8932,13807,13828,13917,13959,14005,14026,14105,14150,14174,14231,14244,23633,23638,23672,23682,29843,1,12655,13805,13889,14078,14158,14209,14214,20462,23617,34219,35685,38626,44885,44891
35533	52,2827,5527,9453,10500,14301,19664,20090,21210,22123,23193,25896,30147,30750,30773,186,546,3217,3489,9950,10373,17450,22091,22101,22805,35524,38635,43501,45240
38626	52,627,3573,6783,6804,7506,9281,9291,11383,11385,11397,11398,11400,11404,11413,12645,13988,14077,14121,14204,14232,14236,14238,14242,14246,15207,15222,15314,16026,16029,18338,19429,19437,22483,23362,23510,23517,23544,23567,23572,23601,23684,23687,23689,23692,24336,25032,25062,26911,29720,29745,29778,29827,29835,29852,30325,32643,33385,34145,34146,34157,34162,34176,34190,34201,34202,34204,34205,34212,34218,34222,34233,34248,34258,34263,34266,34274,34280,34281,34283,34288,34291,34293,34295,34304,34329,34350,34354,34369,34386,34400,34401,34407,34409,34410,34413,34416,34421,34426,34427
40300	52,351,543,2825,3576,4981,8760,9962,9980,12738,13034,14246,17435,21914,24059,27542,29232,30144,30358,30866,30930,34294,34322,34466,34583,40298,40439,40469,45150,45162,45253,49475
40429	52,1196,1913,8752,16539,20586,40423
40472	52,3400,3435,3577,4717,8782,9444,12657,13796,14437,16539,18282,21178,23585,24900,26425,29743,30695,33257,34290,34909,34973,40430,40435,40478,43125,43728,45308,46063
41628	52,69,74,1357,1692,2789,3435,5058,5075,13617,13657,15285,15306,17880,18437,19080,19489,22143,25914,26426,33646,33895,35494,40465,43224,44359,47577
41767	52,1357,4981,5928,8790,9605,9845,15285,17888,18333,18558,18587,18640,18917,25200,25718,27748,28191,29315,29799,30244,30357,32507,32634,35560,35612,37136,38765,41765,42569,43111,48969,41794
42013	52,9467,18100,18456,18886,20497,27913,41689,41788,41802,42007,14447,17434,18646,20517,21190,21268,27417,34211,44310
42699	52,1090,1841,2176,2231,2252,2256,2930,5284,7124,7483,8370,8532,8560,10849,11192,13034,13117,15287,15304,15369,16425,18591,19106,19113,19214,19358,20306,20565,21077,22707,22846,23958,25074,25514,25720,25726,27379,27383,27385,27388,27608,27888,28720,31982,32367,42692,42693,42701,42713,44369,42727,42739,42774,43382,43456,44358,44492,45602,46792,47032,49422
43892	52,171,9154,9812,13166,16179,33285,40359,43577,43889,5307,19550,23481,34442,35560,46044
44359	52,1255,1668,2971,2988,5049,8843,9099,10536,15330,20280,21166,21170,22037,26433,27870,30903,39011,44358,2786,3305,5928,9910,30459,32865,41628,43700,44417,49858
46050	52,45024,46039,46101
48736	52,65,1943,2032,2786,2789,7425,19329,22234,42748,48735,49848
53	0,16,17,24,28,67,1845,1884,4818,14265,20209,30040,31337
1845	53,1810,21386,22436,38813,42715,42718,1883,1884,9462,9494,12329
1884	53,1810,1817,1845,3400,12879,20486,24017,26903,30067,30140,42967,46282
4818	53,3175,8603,9451,14292,14318,26402
14265	53,1950,2294,2446,2536,5117,10299,11036,11046,12308,12333,12339,12572,14264,25739,30234,38741,38779,42748,14323,20565,27409,28354,28381,30153,31790,31804,35884,42219,42778,45826,46792,46818
20209	53,128,1354,1453,1469,6900,8273,8294,8315,8321,8396,8837,12319,19140,20199,20204,10217,20206,20241,20242,20263,20276,25035,27020,31231,32704,35561,34316
30040	53,30033,115,34211,40058,43108,46516,49790
31337	53,1817,10176,19866,24879,25085,16,17,1783,8274,19821,20554,31333,35041,42707,43382,43395,46770,49824,49844
54	0,22773
22773	54,112,1417,1458,1489,2752,3376,3377,4990,4993,5639,8815,9774,11261,12107,12184,13076,13650,13655,13943,14346,15285,15289,18572,18591,18634,19063,22772,24573,24788,24858,26362,29326,30209,32157,32203,32830,33256,35443,35556,35582,35637,35677,35688,35702,35759,35768,38812,38854,40437,43121,43593,22921,34370,42240
56	0,58
58	56,57,0,8136,59,60,61
57	0,58,59,60
59	57,0,58,60
60	57,59,0,58
8136	58,72,1392,2869,4529,4934,7792,7849,8122,1550,4725,5255,6956,8932,10782,10841,11192,12663,19488,20994,22495,23594,25139,30904,32059,32182,33017,33192,33200,34269,35184,35595,36000,38737,38831,40262,40470,40978,42733,43386,45819,47672,48521,49744,20080,23040,23165,34751,43384,43903,46337
61	0,58,11599,45011
11599	61,4571,11598,11614,20621,20633,45898
45011	61,66,106,242,2071,2425,3438,4531,4539,4540,4542,4549,4555,4561,4563,4569,4572,4575,4577,4578,4579,4580,4589,4591,4593,4598,14560,14919,16099,16621,18913,19597,20147,20329,20444,20460,20500,22555,23224,24012,24522,25405,25421,25899,25914,26375,26636,26760,30228,30663,30667,33655,37076,38841,40922,41533,42360,42447,42864,45009,1100,4546,21286,47266,47869
62	0,1366,1394,24903,29577,30223,33212,33272,38302
1366	62,485,850,1347,9439,11717,16380,23718,23827,24316,30694,32004,32045,32050,35186,42911,49588,1375,1638,2607,2627,2632,4398,4450,6639,6979,6982,6997,7038,7336,7347,7773,7862,7921,8540,8685,9662,9704,11740,11747,11772,11782,12514,13119,14455,15557,16467,17252,17532,17570,17648,17946,21197,22055,23717,23729,23737,23740,23782,23789,23830,23831,24189,24195,24323,24573,25257,27312,27551,27575,28808,29305,30041,32086,32364,32396,32402,32412,32418,32603,32733,32751,32755,32776,32804,33293,33312,33780,34229,34904,35006,38214,39850,40109,41044,45027,45604,48514,49577,49581
1394	62,1347,1352,1355,1359,1362,1373,1380,1385,1392,1395,1396,1402,1404,1405,1422,1429,1797,2744,2914,2915,7035,8715,13547,25279,26977,31351,49483,49495,1399,1410,1416,1423,1425,1442,1444,1447,1450,7938
24903	62,2608,2627,4364,6016,10279,13499,13513,24121,41405,45594
29577	62,4369,29572,40425,41746
30223	62,131,1600,12442,12445,18652,20089,22777,26157,27911,30207,966,19049,20107,32169,37981,44619,44621,30460,33006,37631
33212	62,9731,23034,31351,33195,33197,33199,33200,33201,33204,33205,33206,33208,33215,33217,33219,33221,33222,33226,33227,33228,33230,33234,33236,33239,33240,33241,33248,33249,33250,33252,33253
33272	62,525,973,1018,2504,12633,23039,24002,28431,32227,32304,33063,33256,29326,44366,34468,34526,37597,37675,37701,44062,47658,48251,49887
38302	62,1027,1955,4261,4455,5939,10855,11488,16015,17941,18824,21575,24280,32007,32579,33127,36261,38141,38278,38282,38284,38285,43154,48352
15289	63,3400,5102,5681,5935,5952,9843,12107,13650,13655,15277,15280,15305,15521,18581,18634,19555,22773,41689,43063,18861,21163
24521	63,638,1404,4389,7463,13879,18589,22946,23685,23696,23697,23698,23511,24510,31179,32824,33284,34493,35617,35768,38679,38776,38794,39633
64	0,84,337,339,352,371,451,1324,8135,8426,11839,12143,13112,13557,13596,17434,23297,24209,25212,29478,30324,32964,33198,33786,35442,43152,43515,46281,47681,48029,48908
84	64,0,337,343,352,663,12143,13596,23581,33786,43152,47681,48029,48844,48908
337	64,81,84,336,7438,13600,18808,24422,30344,36592,43137,24228,47577
339	64,336,343,352,381,387,858,6473,7916,8715,9620,10498,10812,12581,12586,12587,13112,13155,13602,14294,17894,19388,20068,21874,28718,29452,31224,31235,32532,33424,34355,35557,39182,39195,41169,44382,49593,5588,8685,13616,16157,34586,44869
352	64,81,84,336,339,343,359,368,663,2735,6032,10873,12143,12581,12587,12614,13573,13574,13595,13601,13864,14514,17041,17434,22621,23958,24212,28720,31336,32953,36592,42392,43569,45645,1139,2699,24250,42212
371	64,336,377,385,387,682,702,719,728,1220,3039,4787,4813,7245,17103,18199,23967,24213,24226,27717,28717,28742,28862,29600,31772,40848,43352,47659
451	64,81,437,25049
1324	64,1317,797,1327,14173,38007,11384
8135	64,6082,8122,1689,8191,8215,18911,22505,35240,13034,24250
8426	64,1897,8423,8400,8428,8435,11575,33976,48908
11839	64,6912,7438,10672,11833,11848,17612,18116,21515,33766,35919,42446,45602,46781
12143	64,81,84,352,12122,12132,12139,12151,12155,12161,12165,12168,12416,12445,12600,16901,28753,12444,32953,42222
13112	64,265,278,339,359,368,370,382,815,1216,2084,4254,6796,10946,13072,680,13573,13593,17894,19205,21129,21538,23297,23958,24226,24228,24230,24249,24660,29596,29600,31128,36575,36592,41520,13933,17103,21540,24218,24250
13557	64,363,13558,13559,13560,13561,13562,13563,13564,13565,13566,13567,13568,13569,13570,13571,13572,13573,13574,13575,13576,13577,13578,13579,13580,13581,13582,13583,13584,13585,13586,13587,13588,13589,13590,13591,13592,13593,13594,13595,13596,13597,13598,13599,13600,13601,13602,13603,13604,13605,13606,13607,13608,13609,13610,13611,13612,13613,13614,13615,13616,13617
13596	64,84,361,381,385,391,681,696,4790,13557,363,4791,7436,13606,13958,20022,24201,24209,26126,26442,42212
17434	64,143,161,169,343,352,368,370,1950,1977,2565,3887,5094,6121,6142,8154,9563,12634,12674,13460,13670,15333,15583,18564,20080,20486,20943,21543,21855,22937,23550,24196,24226,24336,32559,32981,33464,33555,33575,33955,33988,34174,34442,34484,35734,38570,41978,42245,43155,43304,43450,49227,22983,42013
23297	64,343,368,750,807,2674,5937,13112,14318,16166,17103,17438,17459,18184,19058,19973,20068,23296,770,2027,4813,7440,7445,23967,24198,24205,27051,28862,29594,32981,33621,35723,36574,36581,42697,24228,32954
24209	64,807,1357,4793,13596,13601,13607,20042,20080,21526,21527,24188,368,1614,7062,10454,19660,24219,24244,26973,28761,29693,29694,30172,30253,39346,40373,39370
25212	64,74,81,14132,16894,18290,20273,25170,25200,25210,25215,25245,25262,26021,27679,30324,35724,44823,48683,34201,39012,40422,45051,49968
29478	64,2169,2672,2689,2720,2721,3205,3231,3295,13837,14797,29425,19956,23591,29517,29810,40043,40046
30324	64,542,627,637,2427,2812,5188,5234,5588,8786,9455,9805,12107,13400,13534,13661,15309,16816,17349,19938,20504,20506,20924,21430,22270,22600,24202,25212,27880,28537,28611,29700,30155,32671,33520,35852,43020,43107,44372,48964,36651,36656,36660,39012,42240,43614,43660,46799,48266
32964	64,1374,5460,7437,12644,15220,21538,23703,24196,2036,34147,43155,46281
33198	64,5257,9731,33193,33203,33213,33214
33786	64,81,84,33749,11821
35442	64,1790,5472,8702,17635,17677,25183,32498,35435,35437,35439,35457,35472,47654,49260
43152	64,84,7522,7955,13179,16216,16630,19485,25166,29226,32530,33004,2031,2112,32973,32991,34422,43175,43228,43270,43347,43430,44937,44949,44966,45841,46144,49722,49747
43515	64,2855,13868,20280,2044,10849,11181,12885,16623,17437,18230,20399,22478,23537,30153,32523,34987,41273,42747,43137,43142,48856,49826,49946
46281	64,2699,7245,7884,8154,21673,21906,22240,32964,2897,3305,23491,43700,46335
47681	64,84,356,550,681,1677,1854,2027,2680,4033,5114,5123,5134,9877,10350,13847,15386,15731,20034,20300,20822,20943,23989,24386,27322,30138,30488,34442,35940,41452,41680,43473,46094,47445,47663,30541,36574,43204,49816
48029	64,81,84,33766,48020
48908	64,84,8426,27853,30900
65	0,19467,48736
19467	65,8049,12388,16477,42169,42534,47372
66	0,28203,45011,21295
28203	66,223,1196,1680,2444,3534,4163,4276,4717,6302,9509,11163,11259,14302,21930,24023,25071,25454,27527,28199,28202,30153,30669,35390,45870,45890,47565
68	0
69	0,2905,4717,9774,10383,14290,24773,40463,41628,43173
2905	69,2894,2899,1220,3901,16621,22303,23511,23527,23634,24773,29622,29623,34202,45364
4717	69,350,351,677,1216,1963,2523,4716,21,368,546,1135,2805,2897,4296,4736,5011,5086,8154,9442,9453,9656,9691,9781,9790,10469,10483,10499,10500,10513,10523,12513,12652,12894,13622,14267,14277,15295,16621,17478,19888,20567,20713,21094,21141,21159,21171,21205,21210,21294,22037,22067,22068,22176,22335,22337,22927,23040,23511,24035,25971,26398,27547,28203,28548,30326,30409,30759,33621,33701,34234,34412,34974,36599,39127,40308,40437,40470,40472,41452,41456,42224,42226,42227,43107,45392,47464,47746,48440,49405,49451,6054,9105,18288,22151,22239,43981,46979,48447
9774	69,319,627,1242,1260,1263,2786,2805,3230,5933,5957,8677,9289,9465,9473,9737,9770,12005,14115,14271,14318,17435,18120,18121,18292,18614,22603,22773,23170,27542,27666,29229,38745,40803,9860,9927,10150,10531,11387,12062,13872,13988,14534,15220,15310,15312,15325,15338,18114,18611,19430,21141,23615,25515,34220,34452,34464,34526,38045,39012,40801,42739,42957,43382,43532,45230,45309
10383	69,2294,5037,9967,22927,22973,34945,36651
14290	69,2786,3230,4839,6168,7579,12652,14264,14288,11214,30191,30753,21139,22049,25878
24773	69,1947,2426,2432,2905,4539,5588,7458,10197,19555,21172,23511,23527,24297,24802,33081,38834,44833
40463	69,16539,43861
43173	69,242,34143,34762,40062,10504,14025,14157,15337,15552,16619,43207,44865
70	0,41507,43380
41507	70,18118,40371,40803,42694,45928
43380	70,30269,43142,45181
71	0
125	72,80,95,142,9786,15630,20533,20590,20599,22638,25730,25734,25739,28712,30045,41788,42704,42716,42724,5123,23061,24023,24935,28913,42737
73	0,1838,6477,7527,9781,15486,17552,17880,26362,40448,47617,49616,2533,19745
1838	73,1810,17113,17845,32864
6477	73,575,1080,1680,1994,2514,2867,3994,5049,6450,1431,1772,4494,4516,9882,11142,18646,8790,8815,13632,13640,13693,14943,18560,18595,21267,22541,25035,30189,35856,42240,43594,49848
7527	73,1301,2554,6191,7651,7663,13569,15751,15757,17494,20344,22623,27534,27760,34164,34250,34256,35053,38719,40367,40437,20473,38947
9781	73,2922,4717,9487,9770,9788,9794,9805,9838,9841,9874,18277,24851,30423,33824,35785,40431,40449,13654,18583,18609,30158,33257
15486	73,1410,2549,13372,14865,15480,15481,15485,6899,7929,14824,15490,15495,15514,15534,23730,23747,29767,33299,40831,45370
17552	73,1237,10916,13143,14389,14833,14921,9814,20599,31289,35557,41966,44678,42070
26362	73,929,2554,2922,4955,5312,10696,10704,11211,12369,12414,15330,19476,20586,21172,21232,22773,24027,26349,42453,48440
40448	73,16539,23527,30209,34977,3400,19881,40423
47617	73,2786,4841,5143,13654,16001,21273,22081,25064,30130,40925,42959,7473,18283,18599,27881,39127,48207
49616	73,49539,49548,49562,49621,49691,49755
74	0,4,450,2063,2084,2552,3238,3894,5274,6479,6525,10185,13215,13915,19917,20561,21162,21295,23718,25182,25210,25212,25262,27597,32347,34870,35590,35992,41628,42422,42426,42711,43004,43742,44357,44943,46291
450	74,437,2892,9734,13803,20214,23006,27736,35710,43428,46072,46268,13889,43420,46121
2063	74,1915,2017,2084,2791,3238,13215,19917,21289,21873,25200,25940,26055,27257,27281,43143
2084	74,1823,1915,2017,2063,1113,3903,3931,3968,4069,4078,4104,9392,9397,13112,13215,14408,16215,20596,22506,23958,27281,28720,42844,48896,3230,16104,22219
2552	74,2431,2534,2501,3901,12047,13569,43769
3894	74,87,1137,1874,3873,3904,3933,4017,4160,4187,4783,6996,9181,10340,11184,11654,16081,19150,19317,19358,20955,22163,23953,24196,27267,33052,41645,42831,42832,46094,46147,48794,49278
5274	74,1458,2574,3885,5262,1114,2914,4494,5303,5307,5337,6475,6524,6532,7014,7019,7057,7921,8737,9645,10782,17755,19069,19115,19446,23720,23778,30749,32402,33783,36374,37841,38242,39157,41335,45581,6536,7789,11146,11779,13351,31361,33122,34904,36062,36419
6479	74,1520,1725,2535,6450,6548,6577,6900,6966,11139,15637,17779,23474,30942,35193,36562,44764,45381,45432,45552,49635
6525	74,6450,6546,6622,16838,30981,35237,35374,39621,40841
10185	74,10164,27592,30021
13215	74,2063,2084,2562,4252,5112,8154,8227,8433,13202,13238,13273,13305,13312,16122,16139,22078,22378,22617,26119,30152,35895,16121,19118,19505,21626,21738,28957,32843,39651,47569,47783
13915	74,626,10849,11387,11399,13225,28222,33051,42720,42724,48026,22357,30171,34265,34506,45054
19917	74,2063,4253,5007,13223,13714,16235,18109,18523,19317,19916,1823,21838,22283,22317,31089,33924,33925,29708
20561	74,186,638,956,4364,6016,6019,7841,8399,10253,13962,20443,1110,1114,1129,8686,16379,16508,19550,22935,23508,25187,25193,25196,25215,25249,27086,27577,29379,29516,33515,34340,35207,36952,36961,36988,38992,40373,40802,43052,46129,49861,49867,23022,23694,23696,25008,27536,32531
21162	74,1010,2864,8270,8307,8353,18819,19664,20207,24334,36542,41569,41600,41794
21295	74,1943,2694,2789,9394,9455,9955,14286,21284,66,11882,12741,13620,21294,22338,22956,32599,34315,36500,47366,49402
23718	74,547,1366,1392,1455,1545,1586,1814,3651,3885,6469,6476,6482,6549,6660,6666,6893,6965,6982,6997,7038,7053,7074,7950,8685,8816,9453,9666,9667,9701,10606,10855,10969,11093,11717,11722,11746,11747,11767,11768,11779,12699,12727,12885,13756,14294,15284,15345,16380,17519,17562,17645,17958,18652,19451,22663,23717,23731,23827,24316,25270,30694,31350,32004,32045,32050,32086,33672,33878,38125,38131,42911,44671,47742,48344,49569,49604,49609,23729,23733,23737,23748,23753,23782,23789,24315,24323,24327,27778,32347,32804,33281,33760,35497,38204,38219,39157,39595,39741,39809
25182	74,438,1113,3707,6467,8670,12640,13569,19597,21429,24468,25170,25421,33051,33472
25210	74,2720,25170,25200,2421,10027,16894,25212,25215,35724,38737,48683
25262	74,25212,25215,25170,35724,48683
27597	74,2764,7785,8738,8859,18163,19909,23586,24520,27586,8686,15175,19388,27585,27653,27663,27667,27675,32317,35195,35715,38737,40956,41924,27655,32042,32068,38762,39033
32347	74,282,1392,5252,6543,23745,23827,24316,29766,32342,32343,5242,23718,32355,32374,32413,32433,32439,32452,33769,40038,46104,46138,49468,49577,40959
34870	74,1846,4560,5532,8154,10315,20473,22164,23486,27480,30639,31121,32185,34067,34083,34828,29382,34864,48668,49767
35590	74,1814,13661,24543,29329,34211,34986,34987,35758,38154,39083
35992	74,1401,4679,6486,6496,6508,6523,6542,6556,6565,6609,6635,6659,7243,11081,11715,11775,11782,12187,21202,24498,35977,35982,35985,35986,35987,35993,35996,35998,36026,37834,43900,44390,36001,36002,36011,36013,36019,36042,36051,36053,36061
42422	74,525,10274,20050,33815,42413,42417,42423,42425,42433,42434,42489,42490,48330
42426	74,12801,23958,28720,34231,42413,42746,48597,49826,49843,49844
42711	74,2388,7268,11046,25497,42692,42724,42727,42769,42748,42766,43482,48994,49422
43004	74,4104,4502,6214,7970,9392,13338,14799,15612,16441,29230,30082,43001,16456,43078,43545
43742	74,17944,20569,20826,29190,43695,2028,6806
44357	74,1358,4483,32419,44331,44332,44336,44337,44338,44342,44345,44346,44350,44355
44943	74,442,1001,2142,3518,5935,10003,11045,14317,14362,15186,18075,19150,19430,20557,20852,21856,21873,22092,22178,22920,23202,24568,25224,25405,25421,27549,27609,29444,33044,33051,33093,40925,42548,43456,43593,44370,44926,1823,45040,48816,48831,48848,48852,48882,48892,48900,48924,45049,45055,45165,47163,48832,48849,48863,48872,48913,48934
46291	74,233,7884,43010
75	0,101,2662,4778,24789,48865
101	75,95,704,1404,13797,23793,33761,34218,35567,45442,47748,48226,48538,1431,25097
2662	75,449,1879,2324,2637,2664,2687,2711,4659,6996,7246,7381,9696,10812,14496,14560,14592,14746,18588,20355,23964,24673,24945,25146,25166,25195,25224,25409,27330,27343,27553,27736,27741,28257,29139,29429,29444,29490,29528,31408,34442,36878,37009,39163,39783,41014,41409,41693,44375,11571,15471,18075,36836,37631,42815
4778	75,831,4774,368,770,4792
24789	75,7458,9166,11707,13643,22921,25233,44402,25138,35560,35585,43394,48207
48865	75,2413,16982,20728,38315,48805,48879,48872,48884
76	0
77	0,4,12519
12519	77,2657,2919,7501,8677,8726,9607,10052,12173,12511,13501,13803,13807,13818,13867,13877,13886,13898,13911,13938,13967,14043,14057,14058,14065,14076,14090,14105,14132,14140,14149,14152,14182,14189,14206,14231,14234,18163,21191,23509,23604,23617,23660,23671,23674,24581,24598,24601,24633,24650,25256,26963,29319,29719,33995,34183,34319,34588,35722,35731,35798,36754,41226,45156,45167,45180,13792,13832,13896,14055,14131,14237,23613,23695,24647,24697,26911,34200,34352,34451,34464,35071,45135,45161,46225
78	0,2580,14435
2580	78,2501,6397,28913,42414,45425,25264
14435	78,223,1889,13861,14432,13820,17821,24347,27772,27804,33806,43545,45645
79	0,523,547,4032,10498,10506,12067,12195,14371,23384,35752,39162,40427,364,8167,11867,30493,42982,44492,44500,45987
523	79,522,621,2554,9986,12599,14569,40721,9692,10469,12317
547	79,522,560,1113,2574,6893,7357,11860,15660,15761,21273,23718,42215,42899
4032	79,577,4839,4985,5948,8492,9861,11207,12331,18437,26650,26761,30102,47833,14346,14378
10498	79,339,528,638,2361,2576,4819,5588,6092,6216,9705,9930,10468,2554,5265,6465,6956,9451,10502,12195,12331,12537,12677,13995,14421,14593,14930,15997,18821,23173,25200,30145,30182,30209,30360,30409,30741,30779,31409,33656,35009,36395,38708,38737,39012,39013,40347,40427,42155,42174,42184,42554,43659,45102,47024,20080,36222
